81.766091
103.916053
325.678979
123.814188
323.638224
233.740228
343.280432
346.814171
184.760853
356.105022
433.809381
297.708232
330.309994
276.832965
522.615993
423.251807
318.769455
246.222656
497.863784
530.862927
623.840535
498.092905
519.548962
568.275740
645.958528
408.832242
633.798551
360.332611
433.309943
411.122300
498.477532
418.356853
430.030777
411.117447
349.167076
421.021285
410.967654
298.412325
419.534925
291.999861
360.761021
547.846020
338.174658
373.370874
342.803420
376.479329
454.357210
382.055411
348.706239
432.378683
394.535511
321.204082
354.824819
352.201870
386.072849
288.117469
319.770044
370.966988
619.657540
573.380228
287.157176
306.315379
392.688864
393.199359
396.785874
387.552565
415.237813
460.652404
467.910824
399.130030
389.245079
391.585846
487.014241
400.081280
483.032389
404.692132
408.595903
401.867818
399.492121
484.398773
394.240957
406.228419
395.732589
409.838132
310.318653
472.442537
386.222683
405.509360
303.168154
409.551902
210.900738
294.520359
279.203634
401.367292
208.682850
412.898879
208.394435
309.676803
488.098967
281.807981
481.553422
210.131661
490.428273
217.340532
416.599039
282.735425
399.826143
293.875379
402.233195
293.279136
404.440479
292.747216
390.173317
296.632659
396.392956
298.033387
318.914485
296.974608
318.904940
277.706808
214.874710
187.874691
203.084722
194.052456
377.492259
197.248867
200.985873
315.419211
384.202607
381.399722
209.969414
321.248202
214.423076
375.864307
281.875672
304.006874
207.123581
308.378766
214.889512
215.824092
376.594476
281.759630
298.014202
204.964198
302.301555
209.603342
384.018695
276.690938
305.631996
207.627964
306.256895
209.668898
122.337202
280.977600
380.688985
280.090740
306.729612
201.316132
304.670315
205.113170
304.238800
292.691141
280.877869
208.737152
301.885064
292.838741
216.817492
284.628381
201.745794
207.061329
300.623775
209.776001
377.198862
281.729988
378.313102
310.579974
314.888266
298.338680
287.331759
302.728053
386.231551
212.957163
395.444084
290.108794
290.140489
394.686100
306.733444
294.656605
376.754678
293.592420
289.930185
288.987103
284.679364
219.719132
215.986432
277.078868
291.415432
206.251815
286.587326
185.813250
294.292337
189.633751
385.794071
197.788039
294.199823
198.156639
299.864535
190.146005
299.377599
122.554430
296.612473
198.371101
296.248206
195.399258
295.665861
197.305190
303.567052
199.361641
295.304044
199.026849
199.290959
296.784991
294.426056
197.628497
297.394264
195.973344
294.911387
192.587293
292.200426
117.632615
222.353031
196.591973
287.123024
285.224675
215.208951
123.938765
285.679107
289.022573
188.860037
300.860476
189.069931
122.185262
200.905694
298.941973
205.990966
287.294400
200.761493
294.129009
196.520908
216.928728
197.341904
294.151363
276.348726
298.885114
208.824781
298.778306
217.696075
199.374037
290.035152
201.621843
293.261236
205.653103
296.311094
200.663142
296.136126
200.420585
292.742644
200.533669
295.148438
200.932986
298.515509
208.789449
301.058550
195.086478
297.130732
197.107564
295.971674
200.202340
299.916573
199.654485
374.660283
201.860287
380.506947
309.457588
206.503650
203.724232
374.087250
301.830446
192.817032
304.950666
193.400525
380.587146
203.147610
378.399445
312.576994
201.402369
388.124291
408.629278
222.232814
279.766330
179.378705
301.276282
110.813917
186.868179
200.112495
202.498550
476.341716
197.005034
493.919855
278.950524
500.238161
223.796786
499.038700
291.587273
395.002314
295.785580
506.415142
304.699265
506.814641
433.066593
373.584683
489.624692
307.794950
489.419203
416.178976
314.381849
420.475617
383.179681
476.608280
383.811157
403.967852
387.932213
403.246700
319.573503
394.866492
387.565905
394.454518
384.724792
398.386423
299.042928
323.434353
298.686303
392.667305
406.569053
301.934312
393.456985
306.456462
301.830172
396.310197
290.728270
390.027054
314.073577
604.121024
389.370036
585.811199
380.804753
305.593547
375.245712
382.796163
319.697790
287.516462
302.096645
305.746164
302.901679
201.112200
195.397169
198.219894
371.981016
298.138053
187.201302
112.289427
220.197464
108.007226
278.149394
189.133199
177.226974
213.266472
120.325123
219.993753
185.524702
280.421219
105.107604
282.847012
109.618705
111.336701
218.902636
184.466947
290.106479
107.295856
289.799471
111.360034
295.098944
182.068733
372.213021
187.865026
303.111374
10.002207
305.004422
199.425163
377.223918
204.278312
301.759345
203.997491
310.587401
187.986103
298.692455
191.137674
296.550763
191.751269
296.570090
196.441927
372.857342
201.277691
181.506235
305.974514
111.292010
297.610980
286.735193
494.445944
201.875444
283.125240
372.532250
298.762061
285.624617
299.441081
206.399960
204.798713
303.941171
218.596309
272.434196
294.535670
196.625744
294.153073
189.706585
293.874756
118.267284
196.304572
296.877164
195.502970
295.448009
201.675531
301.825611
120.729688
300.109157
194.803642
297.676121
195.793867
287.966100
195.144970
292.648637
119.448612
287.771294
191.836490
284.074043
183.264232
211.779446
111.677346
212.112463
101.278894
284.232951
178.765004
106.778246
286.173552
107.591425
211.533505
111.487441
186.453898
289.904909
184.260511
209.279564
105.710039
199.360535
198.741915
203.594562
201.507741
201.581275
206.155546
89.192380
107.759405
112.305457
112.279588
10.550447
115.101984
85.467012
83.010943
180.588171
15.389026
120.113999
89.201177
196.917760
93.100559
200.274964
95.366817
10.935304
87.614897
207.773467
11.151253
215.156700
17.930079
206.391966
23.384507
198.011373
92.930149
90.865123
208.505993
95.466006
287.319032
97.538008
286.339247
102.831217
288.951499
99.339876
103.392014
303.783706
286.819750
181.762861
210.127849
207.470639
111.826039
213.545343
113.493678
183.964066
201.669451
206.711764
187.139582
208.959129
108.777517
177.391890
205.653775
210.872782
110.577818
205.988998
288.376463
192.760741
209.380947
200.849970
198.725637
195.309125
290.065002
191.013818
289.266543
115.115346
181.317784
309.274856
201.822454
138.767521
336.861663
193.945066
302.685272
185.007376
300.972590
188.141136
208.709050
110.933949
282.025764
177.307929
176.249733
200.748590
182.557294
207.749007
124.767770
281.410141
192.266611
202.650331
194.674080
195.610774
119.839995
117.062492
197.462266
186.139054
199.302512
188.296052
203.042801
187.701729
114.041863
199.220522
187.815275
188.340344
215.755706
27.854981
208.645322
197.023325
273.878332
196.105736
205.246985
202.407225
197.931895
203.252256
188.304228
202.771091
196.585291
274.673913
193.392127
201.659768
184.284665
203.975673
101.097617
212.045174
104.548103
112.250571
193.821144
277.194656
195.251456
182.440418
195.577346
189.775265
241.664427
200.623221
203.249621
206.351822
210.309090
203.418607
280.015978
280.250602
205.538018
208.417552
208.503278
199.672291
286.844513
191.917247
290.721891
195.018265
285.876994
198.494963
199.989494
297.131255
199.293011
302.643779
201.962737
202.505202
297.743698
291.708012
285.805397
208.055864
298.027300
273.684841
374.225498
270.801407
301.508961
296.050523
213.982063
369.874225
291.135722
300.028634
288.188404
307.955607
299.350205
391.939011
386.451487
390.893814
387.104792
313.384651
312.559462
319.202846
382.848942
394.497869
400.101859
380.253078
394.535499
305.143099
392.570392
294.994285
291.603322
278.672753
215.523980
127.206062
198.918506
406.189663
382.014166
215.618378
291.475850
393.515054
282.985071
395.745700
213.349575
393.119296
217.670274
473.924038
283.315766
287.611941
388.428717
284.602493
218.499464
318.266666
290.291679
390.469775
285.653122
606.638477
206.092351
303.616012
200.777716
197.399833
379.813005
201.952206
299.375892
202.301978
290.539541
193.939951
214.317823
118.850169
194.572135
284.206336
197.691753
507.268825
188.282146
216.219401
109.355114
202.998936
105.886714
114.653150
109.959865
185.157321
178.261446
181.900526
110.143620
117.698973
104.723507
110.221618
104.028772
101.461672
98.447956
101.477786
90.153260
112.824981
10.046580
109.303382
179.335363
7.091494
111.703685
11.818149
114.879687
83.882276
174.742109
86.435966
106.126942
91.068132
109.240576
20.789659
23.203776
94.377922
89.880585
97.187837
96.251804
15.045395
97.796181
93.848241
101.366021
99.121586
99.490053
98.259865
20.494019
103.264727
99.691967
97.536248
101.405140
102.857631
12.925410
105.546089
113.218723
180.467057
180.753291
99.609961
104.232375
105.899554
104.337906
171.898076
187.197711
189.009538
115.772936
186.590149
107.544189
196.957071
198.597071
199.011877
109.731149
210.025063
280.113960
281.037669
81.835231
197.711567
213.418933
289.528002
203.933494
210.996042
201.748837
191.662364
285.750061
216.168743
284.590127
293.955690
289.828979
219.000004
294.713659
292.073478
293.736748
288.798601
297.461764
212.771277
300.064522
286.044078
379.932675
285.932628
216.625504
322.356254
289.978225
391.615836
288.025298
405.045235
229.303626
397.474270
291.210112
390.518251
294.531655
397.229708
298.642796
402.844272
328.097680
295.993261
394.387769
290.322481
293.861428
393.410706
225.778149
326.452399
394.562384
277.780758
382.428022
198.307277
310.865132
206.932122
398.235429
214.066893
394.983597
281.491378
301.044195
211.800975
122.296058
298.807555
196.472323
192.054517
197.177061
193.338110
293.341620
218.752321
181.160790
285.737560
105.442180
21.498626
220.087276
280.146104
102.194225
202.111532
100.961236
208.778599
91.720721
280.781946
89.167067
208.130231
10.763505
206.803083
15.666314
204.651955
275.212716
78.417096
199.935397
185.940976
188.261748
96.652482
93.087243
30.698874
30.099863
64.833595
95.575902
6.371810
96.236815
8.559590
104.245509
16.157755
102.637019
175.871241
90.801040
89.422921
7.434796
91.849281
12.900474
93.716351
7.077890
98.976542
96.553643
99.497961
8.001071
20.116305
7.108083
10.524660
14.828507
17.258621
75.678771
86.352607
23.105209
91.102791
93.050032
95.741009
96.806011
107.241431
96.942593
76.486352
17.080094
118.631994
184.923828
89.003774
87.297861
184.136149
10.900343
16.237674
91.061284
193.290843
90.792334
191.496506
92.787074
202.224309
83.678499
207.503102
81.570440
204.781579
22.517610
98.467364
285.520374
89.374417
98.073794
215.759316
107.032134
299.134890
175.282029
106.999832
297.445220
105.034576
303.712642
180.226005
373.999637
181.249663
371.607121
184.815900
310.438761
389.592703
199.384941
300.074504
194.515095
299.630421
198.655913
379.192912
297.397512
192.453326
262.793907
372.465848
305.142414
386.198228
103.781895
319.326492
167.135702
387.828678
384.655747
114.286770
397.880508
108.348208
109.561811
399.579850
186.727042
102.590471
104.005928
408.053236
95.926916
99.619408
406.057081
101.303247
396.636575
175.159452
471.006205
97.928434
97.417204
408.295065
94.455212
410.259044
100.775055
98.711824
473.511229
100.434184
403.069382
396.151877
112.251279
402.483875
185.763569
396.542775
112.686608
396.890995
102.393687
388.970311
372.606927
98.009242
311.449882
104.734811
110.921742
377.008149
177.572616
306.464123
108.019653
307.816542
107.366640
312.638254
381.989185
307.092792
110.047437
316.463786
184.377798
294.033424
107.938678
295.718281
178.085349
107.430003
213.458256
106.305974
184.335723
203.676869
184.304136
108.992811
104.486789
208.096750
97.976076
292.844589
98.345017
98.206026
212.746354
20.646610
100.684948
289.097545
103.431381
294.683818
110.352051
184.150397
292.504162
184.639990
283.539353
210.733586
107.505345
276.898649
178.438326
202.266264
91.672545
207.898860
17.459393
208.472223
17.676236
274.318899
85.498152
202.224596
81.211721
207.484336
8.682436
207.596379
90.576110
283.920181
90.509882
289.882980
11.523391
223.088047
281.210487
96.150417
210.188938
103.076588
218.979649
176.586183
285.663451
295.605234
190.796508
119.177535
217.400485
188.860382
190.383970
284.242435
213.926654
100.507695
285.981132
101.845355
219.827596
96.519461
100.300200
297.201043
96.331770
98.019466
178.127220
100.678222
104.869532
294.773944
105.522934
299.199630
299.315924
106.400786
25.815336
100.470907
301.484916
102.282058
299.848168
178.106034
301.042352
102.217867
304.649830
103.518516
306.354135
105.141358
180.541512
389.240208
103.494431
202.205984
396.978808
116.795699
327.027560
192.749071
396.677308
194.159164
391.492670
392.078013
399.281554
197.346037
184.761945
382.752817
297.006778
188.960540
288.936586
288.862397
178.523448
292.339221
212.448436
187.443989
297.700732
185.521335
193.097411
119.748976
179.066236
202.036926
209.942889
191.376879
179.844768
194.024511
100.537404
203.278582
276.593142
203.106831
92.577871
208.897261
20.559217
278.642158
93.826141
211.424890
83.123202
218.365147
86.437025
287.895818
91.138866
285.037544
95.184968
19.907657
222.134109
99.234553
98.784760
184.888343
96.399643
109.985525
22.533239
187.615570
93.777987
90.237767
187.241502
95.104978
18.227740
119.759425
97.964263
178.952825
98.545870
183.109599
112.417198
182.416662
102.929207
96.134316
110.501301
124.099237
97.999471
195.418556
101.317413
198.092306
212.823543
201.207004
100.352377
190.017466
102.047541
114.192053
97.717080
100.883299
195.457748
99.320317
99.554323
202.982073
22.136025
193.886895
87.183202
197.068033
85.026541
10.990943
202.945568
281.411123
80.713826
205.370693
8.716936
11.866783
217.088885
193.378722
83.902443
76.231191
194.607767
202.591586
7.939241
124.983922
87.765215
199.009912
86.785302
192.415684
16.955462
24.290132
127.597946
25.318858
92.540592
203.144803
7.828547
204.701633
14.287230
186.200969
79.358984
186.566601
10.021315
188.411350
9.135590
123.761520
196.818135
119.367162
13.852732
122.893957
8.766899
166.592439
104.147717
6.704821
109.366103
6.978656
112.388560
8.335896
103.126398
102.275500
8.626487
99.762014
98.333392
87.245075
18.184307
89.765319
10.512142
85.955697
21.311334
13.503716
90.216427
87.428132
93.507180
12.060531
22.009669
85.869091
79.299343
95.853929
84.653121
20.500085
93.303234
98.176837
85.810214
96.847481
92.705509
90.156281
22.216559
8.467266
91.059601
67.868276
94.424163
83.736972
97.035229
93.603590
8.966061
102.102275
76.457599
7.398721
104.870276
97.781359
89.574637
99.568861
86.172091
96.231521
79.805126
91.254164
80.784724
81.181266
73.184583
18.616535
91.557362
89.805418
154.427217
89.696164
101.000633
100.095784
102.401840
169.825082
80.099249
89.190313
10.550915
108.885095
9.406871
175.901493
95.559102
85.015562
9.195129
196.908959
89.058020
204.136778
276.148577
96.454030
283.284960
92.296930
213.287472
94.191313
99.624846
214.395548
97.567270
272.097204
99.655203
13.027411
87.287659
289.797110
92.727151
211.407648
290.425892
179.428309
291.674679
102.304569
303.680992
375.329838
376.548794
109.997694
316.346961
117.272884
391.540394
191.183219
379.500132
196.392844
310.095903
309.976119
124.061569
198.778122
389.518156
192.417043
388.026567
320.498352
118.569359
189.716974
380.778629
178.753952
112.859602
116.772295
312.521820
194.326593
380.629993
307.803548
193.520622
310.172722
208.507151
383.364977
206.370160
311.703014
294.474703
194.929702
300.036980
299.172863
117.010795
216.095338
198.488107
279.773783
197.908660
198.924682
187.408233
200.412967
192.801627
204.049627
197.879012
200.234394
205.126588
199.433536
88.412955
205.159539
189.012599
210.087905
110.999214
109.705414
209.642239
173.047252
96.397141
200.255029
110.998779
183.513372
177.533187
186.258363
108.758850
108.766919
108.959067
110.759374
184.306844
180.884716
180.529728
104.989472
107.705652
105.275807
182.127458
180.774443
182.822819
109.940033
115.040284
110.410966
182.756593
180.570858
181.563077
111.463130
101.581175
120.217762
184.151505
192.757676
178.743260
114.699648
112.116406
177.072306
192.600061
8.243595
112.659238
115.049015
184.578818
187.199339
184.428618
111.367283
105.413811
113.321066
182.628824
186.959481
185.810352
185.671650
113.980746
108.480500
179.425558
191.450122
105.108382
107.434554
109.438201
117.998054
188.420770
179.399886
185.369911
101.093559
108.571507
102.547977
95.470311
192.345925
99.716722
105.487392
121.518967
110.519779
189.661920
102.942298
189.104838
105.745624
17.291756
190.085497
182.249098
193.912164
113.550136
193.269924
121.727726
182.963989
189.606659
107.969883
189.506397
121.924822
185.726306
187.239126
202.462720
191.123820
117.606614
196.290351
182.500736
193.261696
202.342893
206.989463
194.935945
202.982102
196.389769
208.455292
192.919264
203.301399
190.289500
201.417732
110.574119
202.821554
112.980727
202.102334
188.843679
201.758114
196.119338
111.477918
200.734367
113.930531
193.325119
97.715499
192.843606
180.080827
109.697004
108.135828
196.829814
180.900434
194.384715
193.247503
110.799401
111.605816
171.854572
195.128270
93.814130
24.059271
218.570065
279.758838
104.811666
102.833892
209.275827
96.614407
291.517225
102.581287
290.411602
100.879239
286.189752
283.857182
102.273921
289.207533
106.874360
214.024468
188.374757
289.320738
186.453735
284.195658
202.223873
121.121102
193.913654
198.561378
200.516469
199.383563
119.026264
186.039101
192.036368
109.616862
191.707322
116.267689
201.007675
191.468228
193.657255
192.948261
189.848590
198.412518
119.516599
200.914860
188.399807
194.441939
193.552343
194.327733
122.485381
127.225338
194.452629
196.256536
196.662538
117.289174
201.204328
119.296770
277.800155
188.321003
106.943433
108.404436
210.062098
91.842253
282.814069
97.939359
111.616729
214.265804
108.740755
98.112968
269.322316
102.431592
105.950030
181.117309
283.368394
183.007015
109.922737
285.696873
106.649279
107.434858
198.704430
105.268977
191.935444
106.324342
109.461980
117.438290
180.720673
105.777344
188.037175
120.464880
183.117696
189.422917
112.111742
192.447943
197.102947
186.609402
201.417946
203.058714
129.180274
200.725352
192.300279
199.495379
197.658364
199.115306
122.955456
274.287060
200.624552
199.555563
192.960794
200.874935
193.819847
268.941309
197.820214
195.675287
203.611470
200.666631
196.696091
275.220856
189.100155
184.725042
204.589696
108.821416
213.434371
100.404232
197.716383
178.800518
106.716004
293.916907
107.476243
297.696288
184.393267
108.086088
292.373493
106.681751
187.247213
296.096836
190.188509
209.348175
216.211117
116.320126
278.405055
188.739427
196.991619
198.790542
218.286505
280.417286
201.960173
204.567562
203.813399
200.530195
284.966462
185.783465
192.205055
293.889448
191.731676
188.036235
187.972765
204.767594
118.989502
268.845904
198.361455
188.608143
199.244466
195.469154
207.250923
194.399436
197.290520
194.532599
111.040498
202.168745
114.667273
201.866082
281.882111
187.454625
206.160691
204.838819
116.897083
201.166144
199.299771
192.554672
198.135857
207.089839
103.490101
99.135070
26.702330
282.534649
94.088843
286.404981
97.527586
100.242027
221.598379
22.845963
87.859653
300.238474
298.459335
89.627581
302.547429
95.448315
6.102214
218.519208
8.289403
218.198389
203.427887
209.020516
206.468018
211.575742
211.767327
142.726638
185.454567
179.748214
7.235746
9.353586
110.196153
117.602845
31.324047
11.282441
98.777509
93.506447
6.585746
102.193611
10.984898
24.738520
82.946925
81.753235
6.139922
90.199920
21.321710
22.588403
23.051529
87.084688
85.547037
92.500557
23.517550
26.417085
32.265007
79.824026
85.109522
84.874281
13.776580
13.453960
18.818351
20.027923
20.876083
22.428193
71.302272
7.358229
8.076934
8.991928
12.253569
10.251852
13.700765
10.434299
7.156463
14.442276
15.049162
15.152266
16.868956
23.418480
13.045714
80.737291
78.673179
82.085802
6.334935
8.966042
83.162691
75.483127
75.362358
76.455591
26.569012
34.782634
91.935523
16.438799
75.360641
92.083773
190.111789
186.489620
83.875195
173.246514
106.067666
8.597868
108.221368
168.281453
72.331383
171.319442
107.845884
107.504499
110.135870
106.443165
162.771677
65.892599
102.993404
101.847730
6.746245
99.881774
94.014904
84.901093
34.352098
91.849131
96.115411
12.985578
100.688787
102.379049
70.360591
166.527646
161.838665
164.497424
107.483443
107.647950
106.791938
105.573386
98.557124
158.924331
92.105927
96.449781
97.282480
96.392726
159.836212
73.795157
157.495868
34.122526
42.548617
96.330849
101.958286
103.988724
28.671943
59.317558
114.571092
111.737955
179.186964
178.123857
113.876158
17.131974
169.588285
7.932336
8.156319
8.397585
103.188879
103.003443
10.955944
101.485015
101.449458
105.344216
38.019658
101.134046
100.179681
100.697577
99.388961
9.799809
101.694615
104.365805
75.108551
111.455711
116.973756
116.934952
12.073118
180.196757
181.523886
183.793483
10.212697
117.030056
85.310585
186.555067
88.228522
187.919314
182.531937
81.365450
114.862144
197.947257
97.113798
185.170464
185.904521
88.112369
19.122103
186.655115
25.318407
128.516898
185.948717
178.029904
61.191054
118.270701
74.230076
71.834170
174.526304
106.272034
182.962968
100.991516
90.869398
98.165349
72.855187
98.070520
96.121462
96.822512
96.161722
92.587246
91.238944
99.176692
69.630899
101.662372
74.657460
106.221935
178.230906
77.027619
182.134028
175.304087
115.775161
96.120406
120.142815
186.939086
92.932884
189.038137
113.236202
95.384092
189.159243
102.032542
176.046301
94.483220
181.483600
176.046423
191.645296
91.789494
198.041551
100.542728
18.411569
123.664958
94.548638
199.841362
92.920900
202.232617
211.593998
99.008731
278.462571
175.058484
178.855190
206.096695
209.376920
195.744280
201.949726
200.370690
202.949372
202.384521
199.927427
198.603668
193.358724
282.963114
211.363505
190.478119
212.714616
199.045574
184.956981
211.035822
114.144314
409.496624
292.079283
192.476650
183.956775
111.675290
193.635838
301.895462
191.787053
120.945674
197.226975
303.596809
194.037951
103.292815
223.194035
266.772679
277.539020
192.517443
207.209870
195.185439
199.403740
298.597822
199.616137
187.810860
203.014180
189.876936
200.275248
123.281600
101.514613
201.590518
102.298195
201.331509
105.892445
201.908582
95.902429
22.632292
207.720171
281.261714
98.433348
199.910436
90.346855
214.901952
280.288393
97.113244
204.676111
99.905422
200.620264
273.579370
199.122979
95.433817
187.858437
94.875013
197.871547
89.804926
90.571449
124.561084
90.950705
91.385357
184.628081
89.462861
117.059138
19.668003
192.783124
99.676909
114.383799
179.602102
104.934306
108.776299
17.342156
186.758179
92.602804
93.636592
191.401801
117.562598
101.694455
183.253667
120.861239
183.207389
195.855344
189.311331
198.805656
190.729133
125.003119
197.633310
186.166411
200.715336
188.721992
115.168361
212.074149
191.337161
277.612658
195.671857
207.668800
197.791955
201.681298
197.226631
274.973141
193.785075
193.914172
198.749363
192.681546
120.257984
200.817810
192.956537
200.833079
194.662271
199.260901
200.776786
195.833161
198.952052
199.208500
188.291076
199.076639
202.355023
184.112643
209.783501
114.644637
196.806751
210.020851
288.857804
181.407176
286.168305
193.818224
109.511589
202.761239
378.126347
103.930122
196.650771
103.956886
196.110921
106.551674
202.759797
187.260180
184.039754
114.756194
180.493527
181.949912
100.865787
100.740889
112.860015
174.663322
186.104705
100.371899
178.749987
100.501389
112.296971
98.770526
108.850227
175.543271
104.248592
96.865871
110.262859
101.880068
190.751554
101.402310
190.839401
100.377150
187.115151
116.527800
105.758523
174.022070
189.187032
87.532674
184.446626
111.758846
111.706054
115.050855
100.729148
104.433399
102.148742
113.934760
103.544505
105.461404
104.922580
109.043207
109.037127
180.803216
106.409134
116.541322
93.283851
105.683452
103.279005
111.825285
109.821508
188.137877
108.699927
117.515820
117.550917
182.688739
188.766590
181.544944
185.470471
117.397330
113.490083
106.612298
185.166327
104.450810
191.265777
101.822162
196.965838
102.200256
194.647948
104.282028
117.478514
192.028928
92.933084
188.289147
94.450607
190.281493
94.001068
197.164506
24.169699
198.893751
88.911260
90.456533
183.961908
114.390352
196.135812
99.735296
190.898892
105.215817
190.474445
108.683244
107.129138
101.355977
183.238323
104.089817
185.438487
110.737634
102.764867
184.882390
119.455440
191.916682
180.151929
104.069105
202.777230
276.823720
102.810344
101.925514
198.943546
269.922657
98.333755
207.518740
205.708013
178.017882
279.400368
102.843646
105.491105
203.440308
112.924795
274.702037
178.957805
183.190840
208.960248
112.556796
196.940743
107.762122
191.388868
108.337161
118.901416
187.367543
188.499542
98.704298
189.363691
96.714390
91.677368
196.691583
21.813114
199.704480
99.243642
206.945062
95.076886
207.865814
20.183070
208.342766
279.343376
100.347787
97.951913
97.155504
98.810633
23.001417
214.255302
283.493310
99.591746
201.203698
103.374406
33.800878
280.342477
279.416521
201.469665
195.890443
101.906393
98.979735
89.012987
17.859842
122.435455
194.413632
90.631420
11.470792
14.531115
188.239463
192.184758
11.279950
113.904588
12.359620
90.780335
81.754411
189.521552
91.127860
13.836391
20.108179
92.570977
174.903630
99.068929
95.561390
178.989752
92.467721
100.051361
8.544322
101.971578
10.485324
8.391379
178.724119
89.285718
109.406010
8.343525
114.729391
11.136701
113.401972
17.567296
107.893109
84.941702
102.420463
84.415092
9.461943
97.524348
8.356810
95.493664
84.360418
100.560552
79.482620
98.846554
85.381430
96.771242
66.669222
98.744992
175.351956
83.582555
103.991504
82.396523
105.667288
82.654290
178.132559
119.492670
22.549889
83.706545
94.184903
194.184969
96.275620
279.719084
108.124210
197.245431
102.858275
194.964494
196.338562
106.549595
104.939838
276.238709
97.983606
199.985938
99.311066
201.117982
278.744649
114.822172
221.362001
117.802607
182.249387
203.061966
182.858984
209.151948
115.364775
289.183429
183.492878
286.734575
186.168230
202.625750
187.057164
209.380078
195.840978
287.538514
208.160552
287.526460
226.491190
285.276034
294.472473
208.436096
291.783984
216.246999
222.624394
101.254066
291.934230
108.418443
113.963385
295.648811
191.787594
299.631329
309.760158
310.944453
315.328305
579.892945
207.294211
297.615422
202.232764
294.062303
275.108480
205.342020
215.608352
289.279607
278.428145
208.771405
202.997657
207.873736
194.735533
213.263308
203.073747
290.462351
277.689871
201.321451
207.391323
200.725346
208.729231
205.579996
176.664434
190.427177
178.606055
221.253189
195.773707
201.177188
198.924068
192.092572
199.926992
120.148989
187.614359
199.294740
184.712436
201.002803
185.449909
205.976518
119.763344
202.661659
184.840174
188.074072
102.060514
106.236645
96.005070
179.293673
98.303081
89.511844
190.290296
180.087976
92.148902
100.643599
193.890025
200.446785
111.868153
91.734430
119.124027
187.464793
92.952680
89.602307
198.432991
25.290775
196.128705
95.316192
96.231284
200.955040
99.723320
108.516351
190.471343
94.747305
191.153633
94.322735
104.944605
197.446843
101.706409
107.264012
210.292400
117.668362
201.442713
187.994414
206.446853
198.907782
191.613109
199.072815
198.918515
110.987539
193.777104
112.810424
194.329221
207.792351
193.267841
121.670014
203.750981
191.236718
203.211387
193.917637
211.192214
123.491076
211.004342
276.469153
196.342153
199.548451
288.771063
205.418751
218.666060
291.715888
201.519377
203.801634
115.336491
195.428077
377.262773
190.411629
293.758755
190.858902
301.452938
291.225501
178.634280
178.000003
109.782205
296.380834
108.520369
195.019828
306.085831
309.744560
12.619738
300.623814
127.476331
298.444911
191.730360
97.498573
207.580354
110.265447
176.455439
183.542117
96.489279
194.459864
100.640746
192.607269
102.005687
194.656108
100.419373
195.460726
91.507605
9.477398
121.040637
82.077505
192.251564
87.974299
8.028799
194.339497
7.727400
198.746606
272.364130
75.576616
182.019528
7.691501
186.369743
118.122043
109.512798
174.957234
108.430568
12.536960
108.476833
116.766340
81.456650
181.681622
10.054127
190.277705
10.382179
120.027389
84.584292
191.007474
190.441606
10.268031
13.320058
193.566414
86.990814
186.167364
114.131571
6.899326
13.329943
186.798479
85.114907
86.916546
186.974380
112.242658
177.027033
114.826712
118.560279
187.130337
89.525318
183.753311
185.025794
12.230415
122.975308
87.684416
82.650976
112.788739
8.653354
114.009977
186.922254
78.935673
186.572160
90.688313
183.351773
79.622184
102.728697
9.348446
116.379166
121.702471
86.639432
189.021119
92.131782
193.662682
94.495701
192.868741
87.680996
193.283853
82.697752
183.337635
111.634056
14.844662
89.210956
190.604732
6.891119
190.833843
189.436048
193.240485
91.777945
191.353083
95.897027
192.397307
92.851418
196.243840
21.001018
199.927846
110.122033
111.135566
14.568527
117.134998
22.167642
186.134006
189.803636
124.530517
195.120917
75.172358
180.145461
16.266627
93.285177
200.544382
97.362024
206.450058
99.730355
200.991358
99.963972
195.094268
98.805063
184.578022
84.990686
92.020474
190.134815
192.619424
198.296088
99.250934
201.063284
91.337168
207.338733
16.265998
94.225159
198.642732
96.655245
196.759269
99.732717
99.757333
193.709137
99.776669
198.904091
98.551913
193.450995
116.261016
197.211706
186.136207
104.260752
111.348423
19.342422
113.595314
185.914357
93.800889
91.207717
191.377149
122.064120
28.077630
193.184189
82.906537
192.989621
75.758956
196.413864
195.654495
81.148852
200.474589
16.355030
195.719974
98.970456
267.019551
209.226444
96.139598
189.938147
24.492302
193.500189
10.663498
110.876892
12.440331
187.566806
187.530506
119.405907
13.901736
199.911572
202.708069
9.425652
207.322530
83.056105
201.475816
86.352249
198.502108
8.355113
15.371314
13.851226
208.130001
204.351758
85.822812
207.377707
15.453460
209.544141
23.670202
201.537042
17.605962
206.035728
20.470898
276.452342
77.049645
199.195891
97.736040
206.704698
93.799748
22.482366
265.231653
91.882351
204.141604
86.432530
123.107357
95.808924
92.776869
194.681090
97.153630
97.379956
200.857718
203.961847
209.169812
97.511754
100.409493
208.888086
107.949641
209.479799
108.969786
276.642316
187.987390
188.599519
187.241114
192.420155
188.521164
190.816190
190.210580
121.946083
186.461670
206.591511
120.346090
277.677087
187.537712
112.119223
206.926439
112.077915
186.604426
280.883867
188.149601
216.638676
222.566874
196.623926
292.205861
196.199304
292.648618
197.084647
199.670389
292.322948
278.300616
204.393455
117.318441
205.353398
186.226378
283.720138
187.119169
285.369707
189.325213
214.974001
123.487303
219.626738
288.857685
204.031281
108.851345
118.032902
211.766247
280.071293
281.500920
186.322071
220.494690
288.774348
194.065463
287.864689
193.365324
205.306000
183.191008
196.918189
182.355501
202.641553
110.200679
197.578642
199.428368
195.167891
97.525756
201.814314
104.744822
174.698011
202.210093
201.958698
189.020243
178.988686
198.708926
137.148010
180.856044
198.636195
103.098340
199.478706
206.631922
85.140358
198.816424
194.364314
16.291039
203.171503
21.371963
271.533954
205.617554
93.294300
91.057255
211.735229
22.627616
292.081395
102.880852
303.071918
106.869376
301.454675
21.850248
172.523641
282.894531
207.761770
102.985093
201.384854
183.476280
279.512649
175.470852
282.049731
185.098886
120.895731
187.947875
192.717069
184.734902
109.835936
114.803427
99.261949
117.012339
101.665336
192.444257
107.765954
103.525697
116.906692
189.529301
188.948742
112.050625
111.839923
186.319270
192.520557
194.185348
196.391663
191.114821
200.168188
108.467942
23.045865
96.489165
210.832279
168.548568
280.515580
99.842986
100.850064
277.475911
103.075206
228.131848
173.091253
290.245293
102.409683
220.857774
117.289077
182.489922
282.682098
182.283983
206.668140
108.558599
280.656117
172.458306
183.652609
209.321898
99.376901
198.446579
178.024205
270.445144
103.356304
203.469253
103.263102
209.893153
209.892823
96.792793
202.009923
89.702318
203.378947
108.922322
205.347767
22.480258
93.390853
278.175203
199.179519
89.350608
192.488399
198.234326
199.100200
96.008371
9.287555
286.379030
106.284876
287.803748
102.096180
200.389956
101.167734
199.127350
28.656164
99.854016
87.097117
191.945909
195.310056
95.771111
99.646994
93.730856
100.920723
85.869115
108.990070
8.037233
13.935492
189.848028
76.235313
188.357872
188.384303
18.618622
93.874361
198.298258
95.972279
96.168224
189.532226
100.489249
25.069410
99.067016
97.928571
97.850696
98.042843
20.091492
105.907129
98.700088
110.337394
110.477456
114.381819
110.910470
169.633171
90.310633
105.751087
83.019316
112.212877
21.663817
120.820763
192.851895
94.060281
194.093685
94.661139
94.560217
203.459803
93.467165
99.916995
217.295555
285.291002
88.871934
88.746118
95.714531
216.691265
168.612581
287.528240
93.852561
20.939423
293.006263
294.399110
18.416178
96.651067
299.814112
93.135394
91.462584
93.713359
97.732705
98.657969
312.640694
101.453602
392.580478
180.919065
391.350325
106.099996
313.789461
314.725094
176.527290
200.984412
177.116201
109.714716
208.678847
210.965623
190.225521
287.394615
180.740892
213.500871
106.092291
102.605535
104.854848
290.224842
100.491885
188.275989
103.264822
371.546327
179.409589
299.368725
110.863691
376.699599
185.590492
103.906447
307.539098
105.354752
101.572971
317.790798
100.215503
377.102714
105.397803
300.089750
104.476087
295.351976
100.521650
296.063464
287.725956
100.180000
203.139923
276.509770
93.962751
92.643260
218.040515
96.117465
289.914696
96.615923
206.404829
195.618285
100.523061
100.049143
193.617729
99.173725
104.072813
92.376039
96.414650
187.307316
95.500070
119.461818
22.641240
196.415777
83.863126
85.876725
190.981444
13.639576
121.713816
84.238035
197.311375
195.799103
7.629690
90.330976
121.152814
78.086875
190.546645
190.218587
108.596092
108.269309
112.206855
36.858797
90.991344
93.155985
6.232268
95.529143
10.731458
30.835695
85.892335
99.276083
6.177678
89.749420
10.470134
96.168968
98.626787
87.884533
96.156615
96.158591
9.039138
78.240271
108.730023
109.227229
18.211940
84.196610
186.889459
10.659817
118.198749
19.337213
194.974126
7.404656
7.653488
123.749180
12.734264
192.082908
89.674045
122.516644
95.591895
196.801185
96.324043
98.571244
99.581374
111.163630
179.753996
107.994637
99.899403
114.500730
103.443736
172.034695
181.490384
104.398820
106.857210
100.151256
110.182470
173.873324
183.554214
109.575422
100.683697
115.448950
168.062251
194.556445
108.601803
186.219268
107.400451
179.514829
97.416098
192.792052
171.285078
195.075264
108.633166
111.418680
105.170738
190.198549
101.541562
191.953664
105.622492
190.696865
104.873334
114.503805
186.210671
77.542845
109.336206
107.646987
167.685847
89.227126
103.052484
108.160657
12.267787
176.435523
81.939913
183.549881
86.374285
117.874178
80.450248
189.527719
8.562446
114.918286
15.215690
78.859265
13.600260
205.342707
214.607148
105.011722
211.403395
116.944025
211.716291
100.061788
181.916319
97.029671
180.016485
113.618891
101.841915
176.804821
188.981607
87.640206
106.808846
109.548398
109.081313
21.717492
184.565392
91.543381
103.690383
96.775612
96.839343
96.839313
22.667119
98.510820
89.252126
99.997270
85.825948
101.040540
93.837853
95.619538
99.604644
94.155563
100.673520
97.172533
94.144453
176.854912
95.945296
100.982798
95.118389
96.266478
95.352334
93.461571
97.391229
9.232703
88.466351
16.778160
94.028415
97.422383
190.524358
181.889950
96.810551
105.457582
107.333872
98.594581
185.494798
117.157706
173.261986
87.695911
93.600656
88.930397
204.867860
167.259561
109.401133
176.109467
120.466086
129.082812
192.459486
188.492208
105.326945
198.142402
19.721420
93.529882
199.091441
198.222580
201.398060
202.482354
114.492153
279.151496
186.551049
277.699008
182.987227
208.933220
108.154983
203.971173
100.300829
96.700241
283.043632
211.095913
112.011140
214.390799
111.944711
202.301757
101.001597
200.625979
320.297122
280.485444
208.365681
103.975384
102.709778
218.250183
174.106138
290.214920
287.608846
99.523842
212.045740
108.393042
217.637428
291.084165
90.111044
295.350478
209.900697
91.297169
293.903002
91.478472
89.510484
293.357515
89.520388
298.946261
20.998234
292.632725
90.459097
97.815217
211.309396
89.088347
287.571257
98.385260
177.917446
116.058717
17.471635
187.912771
89.690433
96.835321
188.367720
19.051309
203.640127
93.153517
200.493092
81.005948
197.258641
17.586546
208.194214
93.155697
202.614068
96.356113
212.284819
19.338088
286.934533
287.459822
99.547624
291.655087
94.248558
97.003358
284.722144
96.646396
282.839551
104.433634
288.961599
104.120352
211.736218
100.788136
106.438910
186.888711
281.069382
91.979889
212.947255
194.004052
214.798034
202.084337
200.231301
10.030226
199.615437
208.013581
282.091939
189.105780
206.934885
187.244162
215.260782
216.723637
195.170444
279.475283
207.957033
112.894901
282.758151
191.821877
289.330492
108.133386
288.945397
104.311502
211.533834
276.572319
177.010942
282.483153
100.964223
208.245825
106.765415
210.542658
103.885131
164.102827
282.216567
100.746435
223.320839
175.088664
281.912148
103.911569
205.599535
103.704263
106.761299
213.268730
110.462828
98.572320
281.463982
102.996183
106.190900
99.520342
282.109814
302.272883
105.989318
296.511028
113.618576
306.720181
120.340175
379.446539
184.927661
382.063799
183.005322
378.663358
181.690961
292.099764
286.747438
96.298378
218.740085
100.246080
100.739481
207.045545
106.124813
108.805395
103.582415
101.040681
200.313078
106.047832
276.054528
105.293420
208.979664
112.575424
185.010437
203.161976
183.715448
110.364752
201.776901
102.664610
202.486190
103.291417
199.788879
201.416559
98.065986
101.647164
213.195487
100.116699
287.461138
100.671279
284.729992
95.966534
213.783559
102.613356
99.245161
25.335552
85.804736
283.656220
211.382714
17.284921
204.766297
276.942477
200.730810
6.264902
205.353258
9.069934
124.272770
74.979504
8.596363
108.699612
105.706906
16.788593
172.246804
106.702897
10.944320
109.702182
17.631998
88.015051
105.875536
105.178727
91.680769
183.154058
89.419579
115.684165
96.915185
192.326522
103.426670
185.166059
179.451470
186.932607
97.643609
14.592988
93.769423
198.409318
92.731581
94.946177
205.957520
97.733764
278.517176
102.817315
89.198694
211.574684
20.767666
212.991617
91.856856
281.696978
93.261991
92.026406
219.243634
94.618831
285.475020
95.611326
288.312069
91.391431
214.167778
217.420976
97.726971
287.643827
286.805884
108.380933
291.212767
180.641457
181.950492
290.122572
290.231009
94.450124
209.979158
97.309302
277.296425
96.527574
211.516297
91.681990
84.812315
288.521206
81.426109
290.990224
286.444824
11.447236
215.906337
91.508506
285.086215
86.970607
84.671583
12.420288
287.722735
8.570912
205.101515
13.570425
201.209060
11.878757
72.764365
197.949555
192.774906
6.745318
188.646585
118.983898
15.506969
123.300796
189.701443
8.471078
189.189779
118.759536
134.231653
179.076020
178.002287
7.270345
108.729801
113.625086
8.048266
113.752152
107.073598
106.604869
103.954742
110.108777
109.226414
7.296517
175.249269
103.184293
105.471379
102.416059
99.868334
23.955994
28.299793
28.855122
83.860257
84.921609
85.147516
14.429323
14.790488
16.276277
16.741737
19.541872
8.402264
11.405909
9.263315
13.896190
13.050105
17.520216
16.444310
5.841952
10.014469
11.248855
14.325241
10.314201
5.608634
7.446502
10.085734
12.050370
6.102672
7.443553
5.713481
10.735934
10.018144
14.988781
24.687968
24.271312
69.448991
72.034893
6.118686
10.321685
13.443595
10.189298
58.770842
5.991899
8.327005
10.954033
15.287573
13.999883
11.471874
80.222675
65.369628
7.579180
7.872531
8.861684
14.988563
15.969793
6.416436
6.717824
12.034398
11.986668
14.447745
15.589612
66.304644
69.565323
9.889966
26.421283
31.423928
73.025579
84.725911
84.281548
80.367749
80.710726
26.217658
87.517524
87.898461
86.992716
90.114018
89.660448
88.604460
33.139042
85.515744
84.061974
82.409591
86.761363
21.788833
21.571075
72.335775
65.194183
5.535278
9.369317
5.430182
5.579204
6.155900
5.141554
5.160494
6.293151
5.564664
5.729564
8.409021
9.181206
11.176091
10.740556
7.825349
7.078717
6.430267
6.531419
5.948606
7.242580
7.934448
6.230862
10.993418
8.463614
13.690795
12.301755
13.037914
51.391071
7.737333
10.010486
7.078485
7.546407
6.303478
5.465628
5.779044
6.699402
12.370265
9.986406
8.433011
6.158524
7.569344
7.700634
7.601191
7.950038
6.634360
6.127386
15.083551
12.665313
10.920652
12.185651
11.020856
9.635443
6.104254
6.757919
7.725353
11.920737
12.459702
11.339214
5.729960
6.011753
7.889006
7.780677
5.924285
9.808997
9.487900
5.657632
5.572363
9.029120
5.338916
5.563147
6.729261
7.028987
8.315885
8.452027
7.380913
11.247871
11.030754
10.294020
8.968025
8.946730
8.706034
5.345568
5.696697
6.037345
7.521379
7.640163
6.439605
5.566573
5.903072
7.574521
5.412741
7.142263
8.134041
9.576841
5.583416
5.652621
9.867463
11.401538
10.074455
5.655660
7.019083
7.505867
8.228689
8.467851
8.804000
6.944065
7.662770
11.995824
10.904227
13.224817
51.218211
48.918993
6.495962
9.609964
10.440707
6.345456
14.520904
48.799971
6.605098
6.725718
8.252298
8.077691
6.923971
5.304584
5.617526
5.607399
5.127317
6.949278
5.557749
5.160840
6.216537
10.181953
8.295244
9.745621
5.494953
6.686549
7.385005
7.199758
7.261283
12.337498
15.035551
5.308549
5.337990
7.187261
7.725009
7.508834
8.184262
5.345145
8.973750
7.039919
9.632131
10.671766
10.032715
8.256319
5.695301
6.483172
6.629283
7.866504
7.890134
5.569886
5.598295
5.586716
5.471857
5.362255
9.788505
5.461771
6.406754
6.772956
6.230740
5.228358
5.799367
6.214662
6.900370
7.655289
5.676732
6.920609
9.201926
6.212559
6.384184
8.991556
5.971764
7.526479
5.329306
6.522620
6.166035
7.671334
5.096635
6.348158
5.275835
5.401155
6.292378
6.496866
7.795078
10.703450
5.536032
6.984268
10.477818
11.977902
10.613871
9.662868
25.778878
5.724572
5.276563
6.204405
6.250956
6.468993
14.692064
6.307086
7.296404
7.584531
6.231024
8.653483
10.355375
10.233470
5.761813
6.382337
7.306269
5.303077
8.004893
5.565622
5.651658
5.906369
6.077920
6.808990
14.947859
6.881067
10.916689
10.771988
12.098367
12.798755
7.212331
7.478580
6.801304
10.773705
10.115243
12.220910
34.265226
10.511350
13.699985
11.958360
49.591313
46.802839
9.154369
6.321358
8.368223
44.657960
41.819786
29.381060
5.699771
7.931332
8.771349
7.534098
34.085542
27.985808
5.350984
7.472613
9.409372
10.224073
6.875638
21.555094
5.281941
5.713869
6.250829
6.618586
8.910266
6.444188
9.178808
5.503936
6.161538
6.767960
5.571546
5.346315
5.457029
5.815586
5.286918
5.844591
10.044240
9.785041
8.995795
5.542109
5.382841
5.547421
5.939725
7.268323
7.319191
5.300361
7.246557
6.790425
7.984152
7.998199
6.245019
5.560748
5.397309
6.078350
7.186040
5.769360
5.414659
6.305793
6.004912
6.466050
5.535645
5.429972
15.533679
21.634282
48.841111
25.596848
35.898039
92.469695
82.730573
89.235262
97.093576
137.007241
41.418978
112.079260
116.739932
45.035438
95.981365
52.224430
173.300312
168.450288
200.566966
73.400927
168.455003
42.631233
132.657148
39.825645
243.864720
181.763184
160.230691
199.983057
17.446053
163.627904
162.400273
141.469686
143.570022
101.124573
41.872907
156.426130
132.713633
132.579188
71.361230
87.639135
84.115063
78.375079
116.205145
71.477775
61.545529
61.070459
57.500646
55.535699
77.865865
77.126628
69.473100
61.293008
59.936276
55.628971
22.979954
9.770901
56.621420
55.298748
13.127518
14.562775
6.801418
28.993080
6.587859
6.623643
6.666869
5.470558
5.359089
6.374027
13.024627
6.460316
8.536042
8.915064
5.746250
8.998807
8.272793
16.613634
20.924180
22.955770
5.561597
9.893411
12.567013
14.426656
15.004380
17.238326
16.995280
14.574998
14.529915
6.061248
10.387628
17.539741
20.962010
23.131576
21.885604
65.599402
10.188688
16.302658
18.459859
20.906636
20.473629
20.260348
20.446933
70.642748
11.035365
17.316782
19.550857
73.278526
72.620584
70.071358
15.894003
16.428918
19.101801
21.575990
21.162834
76.247980
77.359634
88.483656
39.568847
93.141119
92.328244
89.244713
71.460294
95.686600
87.441405
74.664844
65.082399
9.188838
5.688729
8.048546
27.320938
6.229746
6.108594
6.871508
6.007339
7.370832
5.524563
8.711557
12.164660
12.897931
6.482662
7.456395
6.563526
7.601877
6.754909
7.510561
8.136424
8.244687
8.076764
6.110005
6.804725
5.895490
6.021905
8.967981
8.954999
5.485971
7.486208
9.359005
9.136455
11.549861
13.540893
15.316743
52.173086
5.492226
7.628037
7.481401
10.072479
5.562999
6.090255
6.789933
7.396780
7.308665
6.666702
7.489968
8.575847
5.496542
10.874829
7.134520
7.702930
5.456844
8.861623
10.613448
12.346224
5.525450
5.679312
5.868466
6.418326
7.330103
7.009641
5.533710
6.915799
5.803240
5.739153
6.153532
5.462201
5.449544
8.205986
6.208222
6.525736
12.815384
5.760199
6.329110
6.330989
6.314979
5.658479
5.695632
6.730867
7.824016
9.862209
5.488629
5.541016
7.946576
9.035969
8.495280
8.969144
5.706248
6.907512
6.985997
7.271911
5.745446
6.230855
6.023282
5.507987
5.455869
7.342273
7.641958
9.393790
5.242634
5.603399
5.742083
6.307958
6.626919
7.784132
6.414507
8.421416
5.333862
6.991248
7.975135
9.283506
5.569685
5.764433
7.410252
10.855032
5.640897
6.710254
6.090683
6.169817
5.771330
6.211080
5.751675
5.433502
10.300522
12.261687
12.552289
13.347264
13.491263
6.959656
13.263957
11.491069
17.897959
5.881529
6.811236
6.790856
6.609118
7.367226
6.862154
6.054248
5.261613
5.585700
5.488709
6.244357
8.629395
6.178923
8.731325
7.170807
5.725568
6.644115
7.269192
8.175863
7.410031
5.923212
5.896277
5.434374
5.460385
10.877943
11.218543
9.766085
5.432562
5.617603
6.274322
6.186954
8.085557
9.314774
8.059296
5.917405
6.328034
7.683766
7.283954
7.554128
5.309265
6.713172
6.865027
13.086738
5.572270
6.081547
5.714937
5.523655
6.151090
5.938456
7.193765
5.479097
5.626444
5.427912
5.264260
5.826775
5.416589
5.508263
10.338235
10.161333
6.336426
6.748628
6.989954
6.157181
6.252904
6.417530
7.413299
7.296062
8.499931
6.341317
5.481403
8.605669
7.709208
7.082425
7.007632
7.126839
6.401793
6.239458
6.562668
9.014461
13.754474
13.458697
13.495843
12.367391
10.687340
6.726896
8.579561
8.146961
5.580197
5.799667
5.718710
10.321795
12.704329
10.621362
11.800020
10.642516
7.467228
7.151295
9.576467
8.171362
5.345952
6.043118
5.879487
9.786414
6.047286
5.982496
7.326872
5.827868
5.740924
11.167651
5.917081
5.667842
5.570403
5.351683
5.159066
5.486417
5.410529
5.858509
8.868347
11.494704
7.989455
5.454031
7.203469
9.087058
8.821081
8.453531
8.572206
9.679556
9.023019
19.988759
5.209339
6.568534
7.171203
9.774440
10.229201
11.952086
5.489102
6.726246
6.918698
5.607699
7.768699
7.458381
9.949726
5.673557
6.096833
6.299793
8.266864
7.935030
5.395913
5.609835
5.325195
6.335452
7.545185
8.605197
10.195818
22.065242
5.561187
6.312403
7.601215
9.087355
5.190120
6.556898
6.777089
7.372506
5.843270
5.929627
6.334583
5.354882
7.984421
9.487589
8.497916
9.156754
6.538706
6.301841
6.839169
5.264563
6.104830
7.055141
10.365164
8.774849
6.450739
5.940747
8.773747
9.324317
10.501926
12.859810
12.391395
21.635769
21.260880
8.710689
5.734973
7.081030
9.070312
7.405508
7.909389
8.154368
5.800386
6.748304
5.681575
6.460299
7.320717
10.098171
9.563831
5.383268
5.368227
5.567830
5.816432
9.395276
5.589280
5.567628
7.345480
9.366441
9.931493
9.762392
17.890930
9.086832
5.574043
6.761018
6.500058
8.518589
5.936706
6.654428
6.906185
9.592519
9.133901
11.564869
15.680051
15.097672
40.858216
29.371651
27.754905
11.658188
11.458068
31.045356
37.510432
31.592799
30.476891
6.053815
8.581874
9.212622
7.856181
6.427596
5.843285
5.919916
6.423855
5.519808
14.620280
8.174758
7.080645
5.785117
5.530395
8.029925
8.915235
13.630201
12.847424
7.852922
5.657549
6.437083
6.045375
17.287338
5.880969
6.706719
6.117918
6.010969
6.373089
7.072066
10.925605
6.769440
6.348002
6.030967
5.530344
6.061180
10.418466
8.362504
7.389564
7.818319
5.768702
9.223594
11.690259
17.437297
8.705192
7.930972
16.219006
6.505472
6.755313
9.467245
14.086366
14.901179
9.040485
9.948940
10.203133
8.839425
8.667166
7.101871
9.580772
8.855848
7.510976
5.915966
6.133689
6.458504
9.872126
5.294458
7.611063
6.859446
6.690467
5.728114
6.693080
12.745025
17.904324
16.357650
5.925187
6.369070
5.730033
14.800981
13.481532
20.978426
6.741389
30.177650
24.703988
10.066126
6.277308
7.656139
6.587762
6.504342
5.988933
24.491501
7.554429
6.797679
5.031067
5.936973
5.883375
5.682178
6.650305
8.303950
10.663788
14.769139
23.745145
38.499648
26.638101
15.404677
53.944099
42.864262
38.236620
20.399555
84.773246
61.212101
61.163380
15.017355
126.749651
73.114061
52.436985
101.640730
85.457752
121.184973
97.246235
95.724445
97.473168
83.593716
128.975507
84.353037
34.863212
69.224393
22.803786
36.691626
89.687493
134.059774
78.630606
125.288621
81.779625
75.969669
54.266448
100.957229
124.620132
80.509319
77.082801
64.626289
78.235594
83.664153
60.495693
119.822199
138.998648
196.348481
197.519504
109.438363
198.966125
194.434635
184.026140
194.738026
161.235534
116.362701
162.819548
173.176311
237.443151
130.874119
222.833675
204.936948
185.076573
184.315962
173.101252
182.305958
119.191093
182.087287
101.851968
105.639759
181.150349
91.773221
170.717315
191.074992
103.722779
112.477528
101.028086
183.668328
108.359940
104.851457
109.956275
185.863288
185.308286
113.419585
116.679742
114.448791
180.313503
181.006807
198.213143
114.248422
198.007325
123.428327
191.308651
189.590417
195.754995
194.975088
198.594788
111.066318
186.077309
202.400261
184.906264
206.189317
114.228008
112.237673
274.136506
182.411056
107.411348
110.145618
103.942944
184.105935
192.513596
187.913621
116.634318
111.936839
185.146397
180.211574
188.884003
106.898835
113.909267
110.110946
114.549263
107.796465
180.335310
110.072432
109.016433
106.100771
176.645616
106.552038
109.914348
107.456148
92.354356
195.872780
110.640995
198.071350
174.397799
195.503200
102.806980
191.461841
97.164688
93.382508
186.328692
103.267758
100.036648
102.824325
19.533541
104.141711
174.867370
94.711845
97.088333
109.133251
17.861422
182.092304
178.815222
113.814480
94.023702
18.593283
120.021627
189.668878
82.462777
185.248070
82.376347
107.678383
20.986967
110.268282
188.194229
93.490165
27.810787
194.882884
193.419161
105.532448
199.718328
103.713246
194.782984
107.671875
107.183967
199.818887
197.159774
184.603851
200.338008
185.230185
198.377941
112.257171
196.327399
186.101402
181.708569
185.431056
111.587983
116.815131
182.553832
179.024829
108.391597
96.374186
109.426183
186.384369
101.085866
105.198319
100.070251
108.287772
186.120459
103.472611
186.441232
109.857960
98.095238
176.974351
189.009522
180.289952
104.375236
111.730224
102.501174
182.886084
175.219412
104.054265
98.779772
100.228941
103.446821
96.694691
177.895012
98.641757
106.527895
109.389253
189.859626
181.057853
107.636321
205.529162
204.635039
198.922676
107.296905
183.906678
106.461622
173.579408
192.976111
186.236634
104.007430
101.225428
194.010338
99.258963
105.448193
195.926074
107.242326
190.205591
186.637821
182.879031
190.351770
113.508053
190.358572
201.065135
193.571315
191.460984
117.669702
116.148112
197.268901
107.470110
195.079713
113.571457
199.726242
102.391422
204.144757
106.409901
105.856581
214.790377
287.923495
106.558183
211.152227
112.136380
187.104507
287.788367
110.821307
213.241982
110.550516
216.706444
182.408464
207.255778
113.199745
210.080648
377.246087
283.017761
290.011407
197.426704
208.731056
112.028679
198.137612
186.823598
195.178272
184.683236
180.396253
108.833882
108.687342
191.591157
103.448339
190.979174
115.900992
102.524050
116.791450
188.582593
101.733611
105.307501
99.476174
100.337387
102.159454
15.341454
99.404217
102.079431
103.134772
87.843437
182.062002
87.499871
109.783747
12.100900
116.555888
179.007983
87.578933
91.658614
177.265659
90.631838
102.140951
16.042359
88.392860
79.493817
98.788432
11.873433
94.110100
97.152795
96.445728
9.102002
97.525822
17.306405
76.876947
101.605733
11.798712
110.595690
82.070524
183.719398
9.363450
8.329098
111.090719
11.608705
186.503564
84.633996
103.472374
83.477428
105.611563
16.451103
19.709236
14.344420
94.704282
89.988366
10.140673
93.088105
99.199601
97.430318
85.153022
97.384589
89.297818
16.741423
95.468284
82.095556
82.264902
101.839302
87.427107
102.754348
15.437119
89.385910
98.391631
94.123160
98.628186
99.020212
99.813035
96.573195
100.012070
185.884500
98.799639
105.316882
120.223081
175.355079
184.689505
181.315046
112.343772
194.171580
191.891763
104.785407
275.678761
186.003479
279.930526
187.558038
211.875855
191.545751
117.364746
81.616131
193.581077
194.093487
119.581237
202.997763
202.815713
199.240752
196.530022
201.689129
126.114520
189.786138
201.298709
187.037541
205.954019
207.926181
192.466490
285.021616
192.451385
284.743200
211.364983
198.283115
195.992234
200.001917
201.431122
212.128359
199.330670
283.948640
202.951112
206.103441
201.044947
205.744479
201.945835
200.774081
214.030965
199.862970
207.450284
114.027386
183.780017
108.105854
210.294311
214.125636
120.269508
281.911552
201.539065
204.029575
183.142374
117.487418
118.238085
184.994908
185.124857
93.655183
109.180822
15.062545
112.556848
98.779051
108.864115
98.767493
107.153221
105.389265
112.814092
91.506873
94.044528
93.915168
84.410695
89.422397
80.410701
100.135485
80.756247
99.542891
102.148469
7.941656
26.009318
76.234917
94.399595
93.053861
6.907559
16.147362
10.113628
14.093964
82.144218
86.114636
11.250776
9.360945
73.065837
77.201892
72.723548
6.381632
5.779794
9.509620
11.539001
11.292825
16.034300
11.691702
10.431818
5.757298
11.754558
8.897466
6.897216
9.178113
8.101880
7.284548
6.228921
5.529633
6.837393
8.568114
11.631638
8.547036
12.873605
5.820785
9.655746
9.350279
16.987650
74.305935
83.619069
8.550212
9.265779
9.760021
11.951271
8.903723
68.103529
10.115463
19.050681
15.767735
95.152443
18.807103
108.313006
85.487879
78.794865
82.827083
110.417104
89.577716
115.494584
88.371606
102.170160
107.606440
90.335481
111.797367
21.979138
180.715167
103.208525
9.315731
188.472388
18.794350
189.813018
74.124587
106.014872
203.991859
100.730202
201.895452
210.977623
94.586814
213.060481
280.212985
276.891146
279.319669
93.227036
90.717100
220.789578
162.597069
282.444369
92.616371
85.918439
289.889015
93.873164
294.108536
293.495217
170.552863
293.194068
174.446262
112.682933
289.838910
295.183027
179.128032
180.845164
290.826900
109.602878
214.159444
206.585551
106.434056
177.931196
270.886467
273.233426
106.211598
21.562283
261.978262
99.387641
97.460016
192.154715
97.069178
270.278892
101.475520
197.227666
97.055405
194.215984
103.608051
116.489566
108.576096
87.202031
178.499574
109.557026
7.750156
114.720924
75.853930
195.733854
184.733867
12.492047
124.536570
13.633590
82.503473
183.487602
175.355032
16.221174
125.668916
85.398636
76.876314
105.001701
84.889551
187.418876
84.596706
183.754217
12.065000
117.861081
119.638573
105.755772
9.257855
14.281270
114.136565
99.953261
99.580869
105.177887
104.894563
8.674016
8.558955
170.243364
101.384884
106.148515
115.606487
14.636588
183.547357
76.455590
179.046559
105.623508
8.090345
110.131995
7.672043
109.212140
81.357968
107.619529
13.422139
79.213025
191.003742
75.250459
7.223957
113.892885
7.870439
123.472652
191.084177
195.028895
8.343075
198.358202
129.376171
131.051677
72.978031
187.138777
105.283119
103.361971
8.812041
107.769938
105.794271
93.705379
95.521159
94.280253
97.355052
32.231717
100.734384
103.633582
6.608951
11.341734
99.539296
100.139463
101.053084
11.544713
105.319203
173.164884
99.754112
97.233317
164.635029
103.268954
10.026009
103.682408
105.153297
179.292392
74.961637
180.860732
177.615977
114.809619
11.864025
113.327976
87.481670
180.373515
83.630428
113.424916
16.250487
127.243451
197.239503
83.955141
196.700717
10.492594
197.693526
199.575638
78.057638
93.931002
206.327911
209.887346
106.839170
213.220220
286.271053
159.383169
104.259277
282.244255
212.082603
206.144437
93.503914
161.977078
270.256152
96.597564
213.314052
92.788997
286.767001
95.505332
288.651432
291.415839
300.494124
303.674461
88.277470
23.019556
373.586619
373.635666
93.375319
309.227670
95.123226
291.038250
99.412429
286.130068
388.916146
17.968305
322.374771
91.433248
399.213493
90.769078
302.350926
83.691097
223.723220
23.645267
96.281165
294.733432
97.091921
296.533393
18.478606
94.834339
89.916900
306.268195
91.030085
11.407177
302.289713
374.946535
292.799792
287.411905
7.342537
291.174628
11.924453
80.588945
291.543090
82.670287
35.052161
84.560788
291.374643
11.890701
16.714436
283.645396
94.698101
212.709893
96.280083
290.285553
94.879289
295.218155
291.186339
89.581508
374.979069
101.810388
216.108016
97.419688
291.623088
99.675019
97.275523
292.847460
90.595608
209.542715
96.936436
284.856060
98.501575
17.505213
273.120215
98.124886
202.671299
99.360273
204.268100
92.288334
206.603316
79.929010
286.873546
292.009985
117.061120
295.168128
101.450714
293.463549
96.953612
88.398112
292.469420
289.191882
99.760337
293.104504
94.864515
288.336537
92.691737
21.175919
290.226790
286.299218
67.493048
284.305611
213.311637
20.939687
287.057139
92.814547
299.454190
231.237904
293.843700
87.116224
90.553878
19.769176
219.043981
98.049652
95.949091
96.524432
308.345658
241.806307
290.690968
87.180725
92.740043
203.969539
101.015163
202.650561
201.217718
97.373313
120.033046
96.869577
194.225790
196.607876
15.521204
87.275426
278.800828
81.230136
206.523331
8.937094
210.560877
8.431286
209.380586
81.396964
208.650088
8.494845
209.404310
14.597796
283.371859
83.056599
283.103330
6.088350
211.276259
7.627571
11.195841
194.813371
84.791252
194.417173
7.007602
194.212700
8.333042
9.024263
126.445435
197.681350
6.686625
7.806965
191.422993
119.372181
18.212855
184.004833
7.305702
187.857503
82.132222
175.774317
8.984357
117.313818
114.936994
178.700610
54.909541
106.455209
186.587246
78.777101
172.758587
7.943408
115.652755
118.521656
17.734052
173.704857
101.622613
11.351615
102.077563
99.418473
101.573592
101.545554
13.113768
98.465645
100.698274
83.555326
105.236020
105.972072
9.214243
100.376161
80.658442
172.864096
176.570566
106.386150
102.565304
8.927828
101.160218
7.406645
97.832956
101.723237
7.835201
102.894766
105.053051
11.775553
108.992871
89.676330
86.106717
85.288378
111.612952
16.498768
185.467021
72.615833
65.704774
187.052928
10.918388
118.257773
82.313095
6.762570
194.809626
209.421349
83.559402
86.154700
199.262253
90.990409
99.255919
198.149299
100.094611
97.448456
200.958122
98.405668
91.649573
89.660122
105.034524
209.050908
110.318007
185.127379
286.142085
277.269092
187.930256
290.442598
185.823739
202.775308
205.093998
202.626628
117.972772
198.307547
181.657590
108.305699
203.998634
110.003218
205.036988
112.476117
176.210874
278.759154
180.911570
206.587687
196.029542
109.191988
190.508864
187.436835
200.194713
200.857266
187.123143
190.231406
188.887731
19.496906
125.079599
86.246655
199.044329
8.437149
100.358338
201.074490
283.233736
277.770249
92.502776
208.267303
9.709125
205.263553
278.029035
195.134114
6.445356
185.335333
125.460718
186.261832
183.610769
108.288523
116.164112
101.312959
103.491261
106.704356
7.226514
104.718966
107.828799
32.500560
79.975881
8.160640
11.510504
14.979049
22.343833
5.881935
11.777393
12.055162
21.521023
18.653043
76.148818
6.653945
11.026331
10.109703
15.885390
17.119735
17.140600
22.806082
5.661686
10.527896
15.723010
18.879422
15.211716
18.429081
20.397107
5.738827
9.885696
10.912430
13.465487
15.696429
18.583778
21.339712
24.218901
6.894576
14.043595
14.768021
21.273412
20.304531
6.528886
9.576386
14.479942
18.132089
26.341655
32.616833
13.163022
14.982837
28.965974
33.484312
71.795190
35.819761
75.395251
95.644841
12.998997
15.069813
123.013409
112.834956
115.198006
77.311780
183.718761
66.334420
181.897468
181.338374
199.646694
70.473300
81.504013
207.635785
86.935525
281.477419
103.490664
83.389257
287.504672
180.205914
281.545819
180.402639
283.316016
189.832304
288.637689
164.954064
99.731404
267.013651
267.004114
90.140555
285.826944
169.414881
285.303181
166.504826
292.347778
113.598695
366.802003
176.317279
168.772290
363.094932
97.428119
307.672654
94.193919
113.992622
93.739970
384.748614
154.236550
386.309803
68.919449
296.214510
64.373130
22.140917
289.896901
20.715118
98.726311
562.669673
356.626263
76.949765
387.439621
86.991752
386.891038
15.179737
285.626824
281.070191
93.477964
266.418570
96.888996
96.527129
94.906021
269.948342
197.482905
94.170593
201.599702
94.812232
193.791802
95.987807
186.457999
98.715931
200.166303
105.696117
13.207309
108.666219
112.641881
85.704497
92.028928
106.637942
91.056889
108.651883
117.061907
94.575310
185.150846
108.974068
85.981866
107.218271
16.327517
85.916349
183.961408
85.789967
184.779380
90.951091
114.584736
18.862932
190.576892
92.926524
195.937113
90.852334
89.829629
210.492936
272.256469
82.859497
203.775547
204.261502
9.864638
281.953195
83.120157
284.343570
7.380630
82.024341
9.300286
208.877267
15.477168
204.496728
18.573445
190.812837
88.482616
14.520864
213.947856
20.476619
286.289718
99.518309
213.075762
107.935065
24.542468
90.604929
10.087730
15.967825
196.951996
201.602667
98.343991
278.528210
88.490356
105.174373
91.055608
202.762326
16.271193
210.837642
283.397367
86.992031
200.167242
6.378471
205.866403
12.477014
194.592283
10.211016
121.744110
78.206263
188.939566
187.606405
8.282313
194.387855
114.902612
112.107707
111.324672
99.058961
102.925286
6.774323
104.051971
106.269874
13.932673
15.196317
6.680301
181.811390
108.453300
10.021292
110.514870
10.270599
105.347926
6.199803
8.538721
75.213388
99.713540
102.745276
106.166590
9.175566
78.134853
97.433762
99.446532
109.382704
21.222396
89.094300
94.160252
81.114573
97.029747
19.245043
93.077469
94.481070
17.749198
13.192265
83.128506
10.879379
7.629861
18.738444
22.833907
87.810515
80.151552
80.192566
7.495882
12.112567
10.675368
15.419630
7.182587
17.135669
84.793163
74.296060
83.531394
7.145604
8.513043
10.441863
9.069392
8.619835
76.117377
73.716763
72.599347
12.206427
12.730330
14.612913
14.685296
18.081433
23.746506
71.361623
7.584870
11.571180
10.861439
15.303312
9.321677
69.187890
5.519619
14.251775
62.647610
7.440173
17.879768
22.207362
20.424911
75.521637
6.971006
9.903669
12.049952
21.232938
68.980770
10.136107
12.276459
14.807844
10.390389
79.732636
6.013298
10.199436
14.391018
64.241522
6.794811
16.509848
13.330375
14.587909
71.536342
6.377937
9.444648
8.273129
11.751136
12.531946
13.214716
8.560870
13.616981
77.264122
93.886127
99.504243
97.895935
97.135406
101.246175
96.622210
86.485636
177.468244
181.199598
79.296027
116.011444
120.990219
120.468841
160.746155
182.998512
183.251201
78.765285
169.225821
118.946524
82.333309
102.633652
181.758109
90.036662
197.796502
276.227721
103.105910
79.408177
197.800355
74.860708
95.447970
95.913648
200.147228
253.821515
152.228774
195.564388
102.766331
189.309047
181.696893
73.479307
178.715327
73.523981
181.775457
184.231761
124.185709
190.122870
71.796106
71.256075
17.466071
84.700043
209.212419
99.845138
201.967853
190.868398
191.440717
180.986150
181.994292
181.033265
6.877923
181.488816
9.796373
188.981600
125.202684
101.235194
101.708100
106.206263
103.938063
19.708927
28.055225
26.687329
29.170430
27.295490
73.821189
79.896958
10.527782
14.198500
23.709649
22.618529
82.013851
80.457739
85.126774
12.702412
14.225086
15.281354
17.251589
5.475645
7.425334
9.450900
11.588876
12.421701
8.104035
10.452669
11.751574
6.060728
9.771163
10.896400
14.512021
17.920426
5.676320
8.253875
10.546341
16.176333
17.814886
19.485726
15.939509
6.014779
9.891737
9.094520
13.025386
5.689108
6.031418
7.861554
9.530345
10.055708
5.641618
6.039889
6.223645
6.104330
8.307848
10.457547
12.705019
13.731992
13.392763
5.382796
5.775599
5.846598
6.280674
6.149358
5.765827
7.205752
9.164499
8.079015
6.278857
13.102657
16.533972
14.965847
15.354560
15.657578
5.170092
5.408980
6.105458
7.186055
9.078802
10.031057
12.466360
5.585382
6.348925
7.883464
8.171073
8.827922
7.717402
10.869767
16.406613
5.343917
5.854361
6.445434
6.382750
8.200236
5.831249
8.236136
11.894006
10.795201
10.720303
14.746433
55.197466
6.943609
10.078592
11.249809
13.154910
5.349549
5.902650
5.791716
5.595012
6.345226
6.423922
7.686212
6.718190
6.301398
6.999733
6.251194
5.200988
13.620014
11.676067
5.374710
5.431003
5.662921
6.089627
5.900288
5.446445
5.172424
5.398800
5.305445
5.415325
6.252499
6.814689
5.395933
11.998824
11.473681
5.521971
6.050304
5.769044
5.556863
9.681217
11.403716
11.092137
6.123649
5.463916
5.968558
9.661101
9.878086
7.400010
10.172559
9.732790
5.698367
5.321120
5.956310
12.878610
14.026205
9.177954
8.729156
8.965452
7.144904
7.201228
7.853614
5.636212
6.250688
6.024851
7.431911
7.935549
5.607156
5.580898
5.470515
5.860268
5.889491
5.813067
5.500941
5.732371
5.281197
5.488538
5.910910
6.399393
7.550772
8.583473
5.532205
5.810491
5.587769
5.317546
5.648512
5.239270
5.587372
6.610205
6.804730
5.913171
6.837961
6.176958
7.193739
8.801454
8.576269
6.034977
6.398974
5.930359
5.792669
9.204007
7.898430
8.717785
6.201967
6.823616
6.248319
11.611859
12.828728
5.479175
14.063603
16.641494
5.942753
5.830657
5.476652
5.337547
7.545159
7.265191
6.430791
12.153613
28.388732
49.575227
42.340917
17.395110
17.983384
62.322231
72.474512
69.281488
21.707183
73.427060
79.860461
84.464951
87.790477
19.712435
20.334499
67.685977
68.139937
69.733684
70.105603
64.205852
66.031615
67.832386
27.836360
76.470904
40.724156
79.928203
81.144296
81.017571
79.806743
76.161427
130.124812
20.100787
86.474853
83.138299
10.428202
90.523775
88.278513
139.220479
102.064947
100.340717
158.496133
35.885771
146.517329
144.406711
146.655567
171.523860
29.381319
167.776904
167.547776
156.838504
97.667222
141.038668
89.563007
91.300339
93.532848
87.305200
134.694451
87.139744
87.159779
80.964756
64.741116
96.191769
94.126758
82.681271
71.662160
21.694387
25.882735
74.444670
61.910383
8.590015
9.332902
10.163235
8.702517
57.877353
57.048125
8.733637
7.453676
5.495310
5.325861
5.775460
5.238656
6.396669
5.401683
6.337733
8.875464
8.267833
5.775317
5.656899
5.781874
5.489887
6.420773
11.278989
12.276931
7.466967
11.012628
15.715056
17.512368
5.533644
6.736981
5.974796
5.832841
8.449974
13.925324
13.974590
14.307155
5.389825
7.043458
10.885941
12.368692
15.659873
63.864465
5.793588
13.712956
12.565690
12.220153
11.976952
8.184273
80.216939
78.851126
73.924471
75.834445
22.535522
23.633092
23.935071
26.603005
74.895181
72.688197
19.987877
25.137713
82.431005
80.596504
75.695808
76.937032
28.239839
5.224610
32.313714
32.656723
83.668957
45.638313
84.653846
84.958971
71.828521
71.093678
12.944806
14.752874
17.022993
73.011841
71.862273
70.698962
70.833867
9.048610
7.478856
7.415470
10.398263
9.397109
47.533424
42.906858
6.495221
8.886248
8.634036
5.551185
6.690369
5.977284
6.526182
15.511761
6.088984
5.676210
5.152545
6.663550
8.520914
5.611729
7.683458
10.655053
10.333311
11.192463
51.612922