10.344820
16.735666
140.089086
204.116561
149.905429
27.466557
41.426224
22.015665
18.346970
10.670460
5.996333
10.282776
3.417779
3.895007
3.631898
3.831443
4.746626
5.740392
8.345704
3.055039
2.690052
4.197902
3.301168
3.484297
4.748269
5.546839
3.820546
10.915381
14.249167
14.279492
32.300670
27.656911
31.196250
9.192755
15.671795
7.222915
3.692708
3.111941
2.010221
2.270546
2.383767
4.729891
6.169061
3.180141
4.967612
4.281491
3.749381
1.777783
2.146983
3.013862
1.939707
2.889459
1.646492
2.234002
2.678151
2.261303
1.768353
3.354090
2.019596
1.881406
1.793604
1.695126
1.755534
3.006859
5.725712
2.447263
1.851000
2.825231
5.261711
3.421818
4.798901
9.125767
9.178226
3.626140
1.605351
1.660764
5.672073
3.101907
10.742148
9.230655
5.679977
4.192512
4.032622
4.500139
2.208189
4.006651
1.757473
3.043370
4.032459
2.087434
2.377614
1.964259
2.144914
1.883326
2.098873
1.688747
1.940405
1.691192
2.294937
2.167698
2.537217
1.792546
4.418330
2.578897
1.803974
1.553303
1.520292
4.051962
11.614353
9.437058
11.278628
12.814093
3.543793
5.007063
2.032132
4.208898
5.544820
6.752919
7.714028
3.016464
2.937337
8.712218
1.913997
1.519564
3.913447
6.443287
4.869568
2.568878
5.721215
5.688739
6.844950
2.514845
1.934687
2.243883
2.620873
1.744143
1.761898
2.130280
1.729578
1.746537
3.047457
1.720203
3.586536
2.783412
3.013078
2.484714
1.915330
2.778980
3.816922
2.528039
2.079846
2.730287
3.033896
4.374344
3.909098
3.636518
6.829019
3.251032
4.184816
1.785752
2.785106
3.395794
1.948882
2.763963
3.494232
2.454341
2.509880
5.311046
5.708676
9.511065
10.384606
3.162183
4.310696
2.412520
3.568456
2.313861
2.688091
2.908816
2.600918
2.393247
2.759133
2.389034
1.506672
2.265360
2.031739
1.492646
2.813539
1.750177
2.280931
2.409011
3.010765
3.575258
3.940634
2.228136
7.458445
5.375444
3.877711
2.337875
14.384022
2.690456
3.243168
1.707652
2.853224
2.098493
1.986693
1.726612
1.350227
2.358651
2.445145
4.149726
5.432254
6.278336
2.844555
3.018327
3.014905
2.028184
2.032859
1.824781
1.331922
1.889594
1.485089
1.462998
1.366923
1.621368
1.348922
1.748765
2.568847
3.244370
8.544369
9.964235
2.957621
2.555380
2.636630
2.730988
5.491550
5.927510
4.275993
6.651034
5.823619
5.080773
1.713441
2.711510
4.157022
3.152278
3.712953
3.172645
2.192693
2.601458
1.842351
2.377177
2.256997
2.711390
4.986541
6.650178
3.557290
1.876709
3.068034
2.124121
2.164550
1.560620
1.543890
1.479974
1.380449
3.977314
1.353702
1.428041
1.345732
2.417746
2.534658
3.378045
3.921069
3.933047
8.058347
5.349770
5.284942
3.030777
8.652796
7.911910
5.992119
4.472237
2.517636
2.478248
2.593057
1.673364
2.714032
2.585421
2.135278
3.314350
2.618943
2.028738
2.616293
1.315319
2.540697
1.694511
1.360829
1.545281
2.117814
1.553386
1.178788
1.887720
1.783377
2.016021
1.841393
1.499938
1.371587
2.034039
1.638007
3.323048
3.923411
7.210163
5.294645
1.242094
2.459690
3.567464
2.977655
2.895691
3.068805
4.442404
3.052106
12.878658
7.429496
2.531254
1.941442
2.931992
5.911567
3.385597
3.376986
2.690972
4.447875
4.678779
3.226582
1.514492
1.472369
2.244475
1.480482
1.858108
1.831476
2.380948
1.537627
1.656272
2.022196
1.577027
1.770990
1.898025
2.296772
2.284833
1.366341
2.188495
2.562515
2.160309
2.075353
1.659601
2.561886
2.864062
2.718296
2.075495
5.305177
1.726392
2.289420
4.169361
3.117523
1.747888
2.722575
2.303742
1.725146
3.949434
1.486823
2.475356
2.000842
2.386557
2.443140
1.628051
2.660247
7.335373
1.923909
1.705284
5.917334
5.684260
2.531160
1.760641
1.915727
1.496857
1.378753
2.070432
2.171715
2.455602
2.466670
8.915681
7.934287
4.582467
2.761415
4.748703
3.759670
3.751195
4.658147
6.128165
1.744898
1.928493
2.921472
2.558716
2.622973
1.428469
1.839706
4.562489
4.856812
3.114490
3.377089
2.452346
1.613926
2.349288
1.839013
1.887841
2.972568
2.750193
2.717672
5.431641
2.734760
1.970062
3.377452
1.547187
2.125110
1.447691
1.507403
1.806510
1.926838
2.237246
5.106684
2.848398
4.481792
3.774703
5.450859
4.369523
1.834582
5.583342
8.845724
6.356553
7.817120
1.682101
3.852339
2.516395
3.373305
1.347376
1.306158
3.455208
2.922611
5.370151
3.859088
5.010495
2.758098
3.366857
3.932060
1.237862
3.516991
2.340814
1.612375
2.338342
1.387850
1.847407
2.549617
3.623651
2.022266
1.967027
1.320081
1.646821
1.214612
1.723001
1.533404
2.121041
1.391783
2.094786
3.484958
3.403537
3.174538
1.431790
4.008715
6.655112
4.973764
3.214287
2.161397
1.772273
4.741270
1.269510
1.242594
1.695279
2.419428
2.100870
1.807483
6.170113
1.705645
3.953036
2.693949
2.156359
2.021073
1.932490
2.144805
6.133472
1.911122
3.402773
2.938991
4.349998
1.680413
3.371630
5.633793
9.773839
18.779388
2.714764
1.459061
1.845589
2.441114
2.160561
4.614130
3.896981
4.852784
2.305879
3.762220
3.443140
2.681181
2.001747
6.111400
5.881136
2.533539
1.491266
1.731805
3.619349
1.846837
2.165317
1.801461
3.187337
1.608457
2.296217
3.446504
5.699816
7.165376
6.181210
2.070488
4.204597
5.708399
3.405531
3.767689
5.359607
1.261029
1.750019
1.803851
2.813915
2.647418
1.479440
2.177367
1.467222
2.830854
2.581434
2.500886
2.035310
1.768435
2.128973
2.630834
2.663155
6.563798
3.194560
4.568506
2.344943
1.713389
1.390080
2.379660
1.748486
1.834115
1.508183
1.916637
2.252803
1.717155
2.094494
1.455147
2.086031
2.865803
3.359988
3.005317
1.820545
1.534743
1.600121
2.744984
2.168916
2.098793
1.999919
1.222084
3.170952
1.673067
1.247083
1.414130
2.005151
1.822307
3.921204
4.668099
3.025942
6.395613
3.595791
5.307732
5.619921
1.728249
8.582521
2.821531
2.253725
1.513570
3.318280
1.416101
1.702567
1.352605
1.288422
1.594321
2.082209
4.719856
6.055359
1.591937
1.912199
2.386426
3.620114
2.183583
1.306445
1.498940
2.130918
1.976485
2.496407
1.373088
1.360434
1.160319
1.417701
2.041637
2.705787
2.914829
3.767339
3.793221
3.850663
5.423128
4.937088
1.841860
2.175102
2.409506
3.952735
4.534289
1.702291
1.068878
1.727678
1.819317
1.448729
1.441277
2.094238
2.165221
1.186428
1.533791
1.715121
1.597383
1.849372
2.795328
2.963229
4.417164
2.905893
3.448514
1.992910
1.159300
1.367601
3.246586
2.032384
1.440937
2.048709
1.537625
1.613739
1.488584
1.498777
3.156057
3.642671
4.989585
3.927378
4.072672
3.714660
8.132520
6.061804
2.804768
6.181573
11.083137
3.302236
2.807692
2.141389
1.682365
1.522109
1.301946
0.926309
1.413151
1.992373
1.406029
1.552804
1.166097
2.587523
1.459233
1.302080
1.324373
1.632519
2.052776
1.925303
1.270351
2.811634
2.384047
2.515959
1.003692
1.722384
1.289752
1.125090
1.268006
3.930215
4.665552
2.822478
3.384896
2.527761
2.715056
9.175551
2.907093
5.094193
3.030866
1.486558
2.508530
3.633058
4.242988
2.482299
1.076670
2.054119
3.189439
4.587377
2.360741
1.373240
1.318357
1.558502
2.167638
1.580406
1.553332
2.871215
2.429207
2.689218
6.165816
11.850662
3.886017
1.815076
2.405181
1.694764
1.884700
1.094836
1.692022
1.869771
1.184952
2.472225
4.472640
4.474534
3.228202
4.243647
1.805023
4.728798
4.285655
4.393976
4.307923
5.053271
3.197763
6.949178
7.078162
1.290889
1.709629
1.303175
1.264084
1.162849
1.889252
1.983278
1.560496
1.395437
1.729698
2.484563
1.022639
1.889940
2.368311
3.306158
3.066807
3.078463
1.166124
1.419456
1.812571
1.417351
1.645156
1.472481
1.322808
1.423504
0.989909
1.527072
2.194106
1.313813
2.332712
2.305990
2.836592
2.307755
2.247848
3.041471
4.713090
2.928720
3.775666
5.159016
1.104600
1.111973
1.160488
1.443831
1.560732
2.521810
0.993793
1.234079
1.855357
2.987318
2.151000
2.015640
1.040798
1.210509
1.145713
1.642508
1.620544
1.983085
0.909516
1.574472
1.343638
1.087872
1.321703
2.945582
1.132283
2.275384
1.264545
1.278235
1.662115
2.180383
4.075843
2.436537
3.019576
2.021059
3.240440
7.791013
4.926497
6.041928
7.918570
8.918421
2.621090
1.448604
1.069207
2.190831
2.328580
1.813458
1.076700
1.683673
2.652024
1.266937
1.261214
1.868499
1.448842
1.558364
1.909806
4.921752
6.704710
4.202203
4.683960
2.388252
1.993043
1.129632
1.281276
1.336111
1.573061
2.063568
1.000821
1.566166
1.462764
2.968533
4.542207
1.762775
3.908776
2.804153
7.641615
11.703385
8.803191
5.425786
4.536792
4.580509
8.722492
2.108622
1.501734
1.981893
1.437301
1.744460
2.574536
2.489415
3.889593
1.478321
1.954614
2.353434
1.389959
2.393409
2.552488
0.815013
1.626280
1.108936
3.134327
1.087554
1.772886
1.228360
4.709722
7.040326
6.887269
6.337035
3.467473
1.373162
2.747636
3.312907
1.583693
1.904174
7.308108
8.064708
8.132756
8.943459
11.840261
13.855129
14.594848
16.109842
11.190309
12.293174
1.717828
1.855037
1.419501
1.510209
1.718657
2.002552
2.012652
1.258982
1.777424
1.238238
1.385320
1.630595
2.143486
4.572870
3.364339
3.857941
7.850185
3.312738
5.349642
1.076260
1.866804
1.703784
1.976772
1.569080
1.084772
0.860137
1.343868
1.523454
1.420820
1.429459
1.755247
2.742517
2.810852
3.885788
3.843000
2.532627
2.550962
4.298796
3.124772
4.340362
4.454974
4.640904
2.652263
1.434790
1.220804
1.147901
2.279177
1.664666
1.468882
1.995295
3.715949
0.994085
1.681463
1.173490
1.088012
1.228810
2.424710
3.082422
2.020633
1.099074
0.985439
1.897762
2.641913
1.219268
1.431471
1.630092
3.034426
1.924828
1.834589
3.841054
6.209368
2.887943
9.046481
9.609910
7.641308
3.596594
10.256672
4.579295
5.486580
2.368821
23.169117
4.206421
16.567045
13.628513
3.664188
13.228325
9.409655
1.284085
1.824866
1.505888
1.201292
5.677216
2.495972
2.717158
1.649146
3.126705
2.656741
2.213367
1.921354
1.445120
1.209149
1.733682
1.269605
1.130820
1.299318
1.515618
1.378120
1.400902
1.584041
1.614399
1.051417
1.717598
1.690422
0.915500
1.982424
2.506970
3.441628
2.131734
3.421266
1.880899
1.216010
1.342381
1.273199
1.163595
2.511953
1.859994
8.501743
1.391987
2.051640
3.402581
4.550968
2.308603
8.310978
3.004345
6.202420
1.068563
1.048201
1.486477
1.822366
1.400315
2.752871
2.892444
1.599323
0.958682
4.670847
1.526517
2.956871
2.441944
1.511010
2.479721
5.834692
4.208376
4.032278
3.473275
1.881878
1.275286
1.470900
1.421041
1.510893
3.971341
4.021515
3.308141
7.431488
2.378608
1.316000
1.695138
2.131998
3.177104
2.696743
1.228096
2.306544
2.232454
2.045665
1.805617
3.928811
1.763809
2.016487
1.713340
2.252786
1.257741
2.119727
3.177878
3.244827
1.232607
2.332064
1.989448
1.991957
2.903604
1.997086
7.530221
12.283858
9.394773
11.085177
7.772688
8.524120
7.071691
9.340774
10.585683
9.540853
8.317776
6.354251
4.062561
8.320393
10.143673
19.072397
3.889956
2.113055
2.602097
2.498647
1.381442
2.815121
3.635289
2.407085
4.187572
3.699579
1.094429
1.893335
1.732446
3.763404
4.592596
4.197661
2.764283
8.629671
9.024943
1.878334
3.745617
1.899488
2.063634
1.185938
1.446251
1.502808
3.230639
3.335106
1.496497
3.857841
5.070710
3.741974
5.104363
4.722480
8.551834
8.306608
9.210104
9.041382
7.568334
9.023345
2.608271
2.710323
4.396950
2.734609
1.261959
2.842911
3.708325
4.545150
3.919485
4.425551
1.290321
1.075849
3.388849
1.206299
1.041239
1.437472
3.948753
5.589738
2.191779
1.174945
2.687179
2.684348
1.212086
1.052535
1.001722
1.195912
1.019439
0.969519
1.039591
1.259208
1.518803
1.935170
1.523007
3.341337
1.276483
2.234738
1.647973
1.407032
1.912624
5.385751
5.809816
1.583761
2.365092
1.731337
2.341023
2.365220
4.207834
6.096598
2.907258
4.994965
6.689620
1.629299
1.988895
1.458603
1.465537
1.447328
1.682118
3.517597
1.914001
2.334194
3.612917
2.049959
1.735120
1.510007
2.238495
1.827560
1.790772
1.439882
2.424681
2.474876
4.261192
2.287844
2.274438
4.680628
2.911203
5.651415
5.200261
8.750334
3.847942
8.158113
6.248074
12.045821
4.208902
1.622864
2.078641
3.899381
5.692047
4.095763
5.170575
11.347560
1.600871
14.386755
3.740062
1.205635
1.175083
3.342197
3.727932
4.143323
2.197330
1.959013
2.339681
2.118050
1.299531
1.895099
1.859979
2.185266
1.352007
1.091370
1.501046
1.522708
2.746920
1.427860
1.976077
1.977258
1.839194
2.874850
2.324307
1.945375
2.197053
3.105726
2.415146
2.534333
3.325000
1.318626
1.662885
0.955114
1.987080
1.251277
1.289388
1.271934
3.680461
3.807909
3.419355
2.735900
2.871272
3.257766
2.484079
2.141137
2.094893
1.326434
1.430620
2.029833
2.350923
3.451425
7.144249
1.485752
3.500696
7.992167
1.294328
3.394090
3.607342
2.545224
1.551103
2.905005
4.407688
6.486678
1.297667
2.383504
5.914827
4.102692
1.586023
2.518943
1.364861
1.193529
1.696555
4.329555
4.896805
5.195069
3.354702
4.768826
1.372571
2.244032
1.864760
1.169966
3.187952
1.839389
1.313363
1.263987
3.431925
3.027980
2.513491
5.003880
2.365522
2.556365
2.145560
4.817079
2.077937
6.254707
1.363754
4.091966
2.325400
1.928212
2.249015
8.907820
1.653656
1.982064
1.554537
5.633745
1.479696
2.065370
2.443732
1.605886
1.914604
1.821979
2.126096
1.495742
2.364358
1.433598
2.400207
2.067438
2.126229
3.324805
3.155859
1.122154
1.162876
1.223889
1.423340
1.043879
1.225641
1.283351
1.953561
2.283276
1.973433
4.285325
3.906004
2.874408
1.974097
11.828496
2.015243
5.191259
4.592394
3.970559
2.772018
5.931031
8.334008
4.835753
4.499300
6.281092
9.002561
4.177812
1.616792
2.464700
1.013478
1.204148
1.384764
1.955518
1.766365
2.964288
2.320362
3.738763
2.056582
1.590857
2.486458
0.965884
1.507141
2.015124
1.335581
1.868419
40.234132
30.753960
16.458942
29.799507
29.106172
40.480957
27.270942
22.113816
27.008732
25.370142
24.226057
26.643415
30.378346
25.000645
14.161133
22.088748
30.395421
21.916036
25.563117
50.527121
25.786338
21.183346
26.631533
23.821478
2.056994
1.357488
1.124068
1.763184
1.004192
2.067153
2.242474
1.413332
5.434043
3.030972
1.166075
1.731738
4.021208
2.561018
1.901929
1.522294
1.204081
1.748764
1.626055
2.539878
2.753193
3.816851
6.198440
5.690722
5.422695
10.796340
4.886071
4.170944
4.769543
1.525621
8.930466
8.422929
2.256875
3.133514
6.937217
10.309442
3.814050
11.480277
9.435806
4.271535
2.054252
1.603168
1.075137
1.031793
1.563780
2.973988
2.814879
1.902898
2.210891
1.637682
1.422555
1.062367
1.177890
1.406532
1.499596
1.989127
1.033713
1.108171
1.714573
1.295149
3.003637
1.699967
1.844964
2.270916
2.901925
4.369458
2.627979
3.781037
1.334460
2.194602
3.847608
3.225486
2.949359
3.965528
4.609542
5.104595
11.076794
12.503783
8.135272
9.823976
4.229855
11.854940
2.424724
5.410301
3.792884
3.767042
1.616524
2.016372
2.209442
1.294599
1.282208
1.411000
1.381736
1.779968
1.698088
4.720241
1.835211
1.591483
1.293625
1.063376
1.813491
1.870162
1.259343
1.237828
1.179729
2.259252
2.146439
1.357631
2.012961
2.751603
2.578720
1.942068
3.140355
1.745875
1.795541
2.654528
2.414530
11.433939
9.861095
2.114296
2.857296
6.823530
1.811130
4.049088
3.520716
2.061518
4.693732
2.780369
5.615592
3.851344
0.984840
0.990297
1.219101
1.414008
3.263574
4.031706
3.058080
3.673621
1.925880
2.548269
3.964411
3.443624
1.508773
1.641367
2.049535
1.199920
1.432161
1.298814
2.015186
1.681461
2.087419
1.955316
2.473816
4.062887
2.744570
3.095763
2.384761
6.227921
7.457911
4.605569
4.956135
18.866278
10.302553
7.433836
3.170691
16.593331
3.700884
10.361887
16.317529
13.923720
2.865332
1.142524
1.597820
2.406669
2.741017
4.243654
3.922001
2.045764
2.329506
1.951367
2.004093
2.288955
2.282478
2.206949
2.228823
2.217453
2.290674
4.107497
1.618581
4.209783
1.450919
1.143022
1.061940
1.416561
1.845746
1.075216
1.059022
1.291498
2.007992
4.017590
7.216365
6.726030
5.935883
5.724132
5.881560
3.333380
4.864417
3.581634
10.715975
10.009392
1.219405
0.944580
1.724815
1.616334
1.268767
1.550434
3.302710
3.111598
4.405463
5.608516
3.604786
6.343548
1.640710
2.942641
2.284547
2.953842
2.558547
8.172499
7.450566
6.967205
2.484850
7.018964
2.328878
4.106701
1.997517
1.788219
1.893453
3.489051
2.835526
2.567824
1.838593
1.633556
2.009129
3.055993
4.624033
2.010858
3.200567
3.362164
2.094488
3.107835
2.634363
5.174546
2.310658
2.849998
3.120522
1.914973
2.172948
2.039316
1.762221
1.917466
2.820837
2.194562
7.933319
3.299265
3.440571
1.913387
6.746162
3.467561
4.369286
2.991266
2.514861
2.540252
4.526241
5.404267
6.491577
3.245619
4.498478
2.817159
2.531700
3.166717
3.251771
4.352522
2.315576
1.959568
2.259047
5.093331
8.947638
10.147112
1.059035
1.210840
1.246602
1.417817
1.336274
1.738377
1.600682
3.077005
2.609901
8.055761
9.804387
6.804004
5.130458
3.778360
4.349693
2.593003
4.141811
5.542023
1.293174
1.772636
1.847100
1.924482
1.397393
1.198437
1.324135
1.302330
1.337661
1.705056
1.983562
1.176696
1.657376
2.182228
3.461928
3.880108
1.198548
1.132871
3.713578
3.371681
3.519517
2.128738
1.370679
0.855556
0.990977
4.371028
4.708134
3.671485
2.865849
4.967391
4.561111
5.382886
5.468247
2.614421
4.348708
2.432647
2.311727
4.103791
6.601013
8.482988
2.466186
3.709618
2.831410
3.380445
1.774800
1.391394
1.878614
1.394843
4.863951
3.985873
1.629008
1.723774
2.463254
3.613348
2.297068
3.669593
5.807430
2.403743
1.441044
1.952805
2.381948
1.678355
1.567983
1.237113
1.250763
1.234340
1.851150
2.566365
8.005903
2.328172
2.169234
4.122136
2.486159
2.332045
4.714132
2.414169
5.045023
8.083546
7.235980
3.473302
2.969534
1.682995
1.466691
1.284994
1.602993
1.401913
2.742790
6.308495
4.415641
3.009563
7.018857
5.239871
9.351213
11.143431
5.590468
2.260843
6.144002
7.131450
2.085252
1.484722
1.780225
2.968622
0.999785
1.302545
2.883209
3.104396
4.436024
1.587071
1.555179
12.214650
1.950581
5.329826
6.116417
5.310434
5.622222
2.721125
5.190800
1.772922
5.148545
1.744161
4.363142
1.634819
1.836779
3.130246
4.826517
3.277957
2.636141
6.072315
11.559264
10.393417
15.647395
5.143370
5.890152
7.084399
18.431000
9.986534
3.555457
20.439932
12.513209
4.460493
5.001912
3.082643
2.103903
2.451290
3.092506
1.733311
4.105988
4.520105
1.688700
1.715345
3.652246
2.887942
4.105052
2.569496
3.303258
2.087092
1.757409
5.591816
5.016433
1.352789
4.740946
7.007359
10.051544
6.937240
13.434886
8.196472
3.724316
2.019487
1.920321
3.496263
2.618044
1.565778
4.244948
5.878710
6.118026
6.161810
7.249311
6.651366
10.130585
7.427908
8.604684
8.187743
5.156082
2.256716
2.123323
2.236677
1.543145
2.073774
3.757044
4.404298
2.682132
2.100199
3.507582
1.596691
2.000565
2.617173
1.208908
2.269829
1.390244
1.649141
1.185792
1.534605
3.945989
5.277976
4.503382
5.911348
4.870098
5.919950
1.480833
3.271652
2.464051
3.100048
2.144067
2.015602
1.804842
1.246391
7.748140
6.141434
3.670844
7.786039
9.012503
9.270719
1.188461
6.029164
4.732961
6.709661
4.550375
5.847030
1.646777
1.406202
2.342268
9.442117
4.403278
2.033264
1.512573
4.228028
2.118488
1.478924
1.539855
2.242463
1.851995
1.613761
1.237429
1.084364
1.047490
1.322854
1.312410
2.678326
1.694839
2.002892
2.824587
1.272301
1.333675
2.319781
3.121019
3.371353
2.416508
3.106707
1.044983
1.786435
2.007115
1.524090
2.019142
2.897313
2.373651
4.287130
5.300728
3.339311
2.511853
2.004432
3.723160
2.509556
5.915541
2.964435
10.547372
2.137445
6.109470
3.604756
7.538571
4.435777
6.866997
7.764772
3.994737
4.550101
3.015032
1.627878
7.101093
4.034617
10.725822
1.875687
2.118848
8.928493
5.081140
4.399928
3.904877
3.535970
5.796374
2.484307
5.964906
1.773125
2.427791
1.857302
1.465945
1.313587
1.271206
1.831652
1.856666
3.492623
4.233574
6.427715
5.125870
5.900204
10.068151
5.866221
2.796032
4.740722
3.212369
23.046674
25.766101
23.376710
18.315620
23.309217
7.034075
17.145533
13.488534
21.433901
15.117185
13.335518
5.978086
6.206180
8.285706
6.928359
8.823880
8.472329
9.367386
1.645029
1.964709
2.088901
1.992132
1.269291
1.539264
1.537977
1.403443
7.261229
2.909968
3.090859
4.205954
6.766275
2.407549
2.157043
3.354411
1.857579
4.710583
4.445488
4.776707
3.457245
4.361549
2.681415
2.610918
6.523891
3.256312
2.559073
3.731670
2.005355
2.012397
3.620343
2.202626
2.785738
2.859966
4.691582
2.249962
2.272866
1.991587
3.205216
1.858742
2.358439
1.603559
1.439246
2.602693
1.321499
1.417412
1.145375
2.564858
1.818896
4.331584
2.653455
7.755974
3.154747
7.503524
5.651162
2.944911
5.703637
3.939913
4.539944
4.429985
3.800744
12.610544
9.049608
8.519033
12.214716
7.855184
6.183376
5.508911
8.912861
3.046705
4.372952
7.295179
9.421190
3.470491
1.835722
2.073057
2.832203
5.438201
1.730546
6.153993
1.788873
1.627697
2.144998
1.531937
1.899092
1.148699
1.236169
1.128888
3.213909
4.020390
7.966807
2.317871
5.337274
5.063239
4.954127
9.703903
8.523418
6.970274
6.420104
6.948630
1.218881
1.896346
14.338559
17.716152
4.184352
10.224397
3.523689
8.729124
9.683886
6.787659
2.770056
4.654076
3.435705
8.124000
11.572784
16.455498
14.745618
9.495343
2.412166
4.668799
8.001786
8.652758
2.565189
4.421750
21.953233
2.052691
1.484538
1.062619
1.546855
1.751592
1.446399
1.739395
7.398498
8.961100
3.142250
11.192146
15.597469
12.336927
11.203829
5.790028
14.593557
10.806527
11.751348
10.148964
7.692738
15.411468
8.292826
10.111635
3.457554
17.179463
19.716514
10.012779
3.277450
4.335072
2.547365
3.881768
3.869417
6.979651
10.037777
9.328249
9.391343
7.830226
37.062788
5.675463
7.388662
1.033013
1.444054
1.570471
1.358312
3.877064
2.294045
4.577090
1.310095
2.838089
4.286540
2.772192
3.442221
10.064264
9.476850
7.728579
12.314581
8.928708
13.782274
7.610511
7.915210
9.716112
18.241007
12.724667
16.659593
21.951225
15.770591
12.147695
12.621838
11.319773
32.669620
22.159407
31.736909
29.488591
39.751961
26.953371
23.904294
23.871707
21.414342
24.677627
14.889721
0.969715
1.671880
1.471735
1.585479
1.387657
1.431889
1.604597
1.501770
1.254396
3.884787
2.800299
6.137810
4.434515
2.360552
4.874795
1.415489
1.589603
2.140133
1.918998
2.642368
1.527554
2.407995
1.941230
3.474615
2.743026
1.371752
1.920827
3.875198
1.946208
2.768538
5.983389
1.846423
2.814154
2.845597
3.432627
10.199898
6.234033
3.869955
7.478454
15.493619
1.275019
1.593760
1.882399
1.294408
1.073002
1.525135
2.351005
1.277839
1.731848
2.716548
2.534767
4.100939
5.064383
4.648214
2.068741
4.496691
5.788594
6.362948
8.085577
16.449469
2.944070
1.766355
8.397935
8.746140
1.493190
3.515566
2.742966
3.188837
4.326159
3.125844
4.594066
2.484219
2.662469
2.101795
3.310395
3.380880
7.580190
6.557819
3.272990
8.228497
1.106272
1.278903
1.449691
1.299699
1.317502
2.188520
1.520712
1.294164
3.658733
6.823889
2.544637
3.102691
1.113510
1.231101
2.974405
4.291654
5.608192
2.796458
6.107985
2.685027
5.428074
2.815178
4.533018
3.407211
8.412053
7.467612
7.821702
5.221538
9.814401
3.883090
2.147833
2.406418
2.496623
13.623309
1.478135
2.807953
11.871151
9.224967
9.943925
28.240110
1.172626
1.189011
0.998737
2.853655
1.072384
1.301272
1.281315
4.647632
6.218099
9.895776
2.944617
2.798367
4.964383
1.916589
2.690958
4.308503
2.032432
3.087974
1.756881
3.197158
1.212173
1.079099
1.335634
2.206920
3.584471
1.878488
1.796415
3.108585
3.464737
2.614432
5.600569
2.369359
4.140621
5.329123
10.096959
16.523796
13.231240
10.597223
9.822266
8.076006
6.832012
1.390952
1.413515
1.051986
1.011921
1.105937
1.639980
2.716076
2.448999
5.194445
2.106326
6.436864
5.525025
2.418351
4.175919
11.098157
8.244206
3.591574
15.077212
2.181189
5.834095
2.152862
2.139362
4.227150
2.666837
5.312686
4.493063
7.237558
14.990665
7.340883
4.599861
2.251214
1.966916
2.863388
3.885869
6.697846
13.741015
8.711668
4.756921
3.938926
4.491506
1.666048
2.835305
2.555875
1.749222
1.249945
1.477350
2.392831
2.641944
2.302729
3.518355
1.242604
5.597711
3.521080
2.244410
1.748933
1.502187
1.068328
2.146143
3.426074
1.965141
2.845897
2.902774
2.486451
3.632132
3.440136
3.582215
2.949267
2.088731
4.269228
2.141688
2.973399
5.155882
5.957682
5.703722
6.572502
3.190893
4.398695
5.811013
3.586080
2.871823
2.522037
2.346261
1.808859
1.345251
1.378416
3.417133
2.492214
2.671864
4.340626
7.653529
9.485344
7.351536
2.154574
9.697759
5.293961
7.004661
3.364146
3.898775
10.164017
4.983733
2.202526
2.685033
3.785576
4.604296
8.750176
5.510835
17.877057
1.501546
2.134410
16.830685
2.369664
2.459371
5.455513
13.746676
7.422631
2.463396
2.793673
5.600067
1.859935
14.242634
10.444557
8.090776
3.299188
2.933578
8.141285
2.013718
2.861732
3.758286
2.198876
2.886024
2.466444
2.651933
3.199147
1.260809
1.512272
1.581954
1.841921
1.429050
3.457585
1.276922
1.894442
2.732796
3.258437
2.862229
3.931653
2.335222
1.917349
1.756772
3.954763
11.337349
8.605724
9.482199
8.926411
15.663275
7.824495
15.528128
18.738647
19.055021
18.971684
17.426361
16.526926
16.180574
16.353239
17.941882
15.018697
1.750075
2.813045
1.184258
4.856843
2.747358
3.222942
3.771303
3.334939
4.083850
6.794560
1.286013
2.047682
1.101329
2.943677
7.285457
1.422297
1.198298
2.286970
2.618620
5.818423
4.685380
1.806687
1.678237
2.106056
2.174528
1.607848
2.485790
3.714194
3.344551
2.454995
2.614466
3.659175
1.805957
1.323249
2.621954
7.267955
2.891153
4.656345
4.961809
8.398749
4.265153
2.657493
2.015049
2.622534
2.566605
2.075028
2.986673
1.604011
1.979325
1.822563
2.245410
3.718335
2.629325
2.747484
2.992793
1.635060
1.948571
1.795524
1.183818
2.721456
2.396347
1.303422
1.833489
6.162613
1.726504
2.350276
1.689381
3.011527
2.274491
5.113190
1.722170
2.088939
2.379098
2.100163
3.042322
2.536767
1.758125
1.464821
1.359666
4.782675
1.077010
2.439970
3.931591
4.947336
3.892299
2.959733
12.539944
4.099614
3.600892
2.293181
7.930187
8.044995
6.212666
18.686934
5.784424
4.992008
10.649883
23.856768
12.553712
9.092059
12.421312
1.611221
3.465436
4.612448
2.248591
8.361691
2.120103
7.418422
12.806134
6.388737
6.980746
5.491309
5.180124
7.086648
16.450939
4.384332
9.396547
8.319196
6.503272
7.772747
1.407866
2.252638
3.269597
1.834478
2.467353
2.051525
2.271278
2.401397
2.603504
2.504001
1.768896
1.896106
2.232216
8.807790
6.906255
5.638272
4.687567
8.017862
5.708976
5.390692
3.144443
1.390393
1.368825
1.796546
2.139039
2.908003
2.496519
3.112752
2.582313
1.861441
1.756829
3.440108
4.856460
4.221403
4.602747
2.165530
3.833980
3.207060
4.902040
4.767313
2.300238
2.334608
5.346630
1.660709
3.790653
1.625558
3.775460
7.593062
3.580027
9.563775
5.697713
8.716678
4.234575
4.523293
4.105939
2.327124
11.215532
3.109438
5.828562
8.199422
6.347476
7.310721
2.553161
4.113631
4.411450
4.797845
2.750020
3.296625
4.836949
4.567524
4.179951
7.722306
4.557841
5.896485
3.032804
5.692528
5.060929
11.276452
7.869300
2.311297
4.303898
4.055367
2.749872
6.430078
4.176517
9.193821
9.040284
9.916116
12.731836
7.676872
2.550440
1.686290
2.284858
3.247320
3.503273
3.167986
6.190909
1.682242
2.503197
3.742406
7.612569
2.550964
2.564474
2.777871
1.940635
2.937277
3.760075
2.062622
5.912576
2.327173
4.021676
2.483803
2.520380
6.398182
2.039857
3.997314
5.945712
8.238585
5.753121
1.569051
2.063786
8.168323
9.429733
2.192173
2.544315
2.375362
2.638450
10.673746
5.898955
30.521750
13.126096
7.962960
15.323734
5.289301
3.066745
6.727040
11.217041
2.945395
8.350314
8.105779
8.445152
11.292382
1.986980
2.480840
4.755474
4.083535
6.747805
13.299911
4.893167
17.418378
14.753263
12.466983
9.560487
7.340616
12.903364
11.842207
14.817614
21.854834
7.941384
1.299050
1.286073
1.304518
1.776373
1.855035
2.478076
1.924384
0.966931
0.992552
1.441246
1.462029
3.627841
4.391174
4.968648
3.836964
5.323624
8.482757
4.665225
4.504154
2.944034
3.277410
3.958593
2.499406
4.896375
11.272570
2.462216
9.521018
4.725026
2.810669
4.059987
1.815270
10.135460
10.555035
14.824100
9.032871
9.386196
4.861983
2.715670
12.613679
11.504199
1.496091
1.362205
2.196994
1.258055
2.509194
2.064328
1.121490
1.214127
0.926323
0.890028
0.993942
6.086516
2.355401
1.906764
2.748058
1.729311
2.846328
2.749406
2.266495
5.244590
4.311185
2.649050
4.572517
1.721894
3.921444
2.497129
5.659802
8.343307
16.931107
3.219729
8.677889
8.785050
6.578705
7.176600
5.234303
5.229453
7.104760
10.388850
11.451488
1.092896
2.150187
2.063735
2.732156
2.228922
2.830371
1.086946
1.456935
1.056931
0.942212
1.018176
0.894692
1.041053
1.280774
1.111726
2.466713
2.006805
1.550725
1.910260
2.144681
1.923008
3.877585
2.666925
4.327696
2.789434
3.433605
2.349263
2.566931
3.437600
7.898729
5.347985
5.544610
5.945941
4.874057
7.560000
5.716081
8.942779
7.338072
8.488685
8.711380
1.269665
1.319121
1.968701
1.749510
2.171156
3.018598
2.838983
2.952586
1.750973
1.726415
1.412876
1.427323
1.306677
1.302101
1.796379
0.875564
3.687683
1.585643
1.688325
2.674546
1.178040
1.563501
1.633117
1.871729
1.808834
2.220049
1.694655
2.090393
1.600456
2.845782
4.537713
1.221098
2.162676
2.150557
2.689399
5.002498
3.649143
1.734262
4.055943
5.713641
1.418196
1.561298
2.555055
2.215304
2.693326
4.931946
5.349347
4.277926
3.500951
9.265683
2.373547
2.137152
1.092022
1.500535
1.215834
1.198135
3.984870
1.342814
2.132609
1.623177
3.375052
2.594105
2.279642
2.612242
6.294649
6.310650
3.384763
2.771790
2.138037
1.683378
1.180877
1.672928
7.498170
2.583357
7.895328
3.692282
11.963335
8.119274
7.079249
11.448073
1.965448
3.541412
5.628458
4.993087
6.304269
8.160788
7.429511
2.651629
11.709718
13.118783
10.026240
11.075288
1.055298
0.909253
1.131444
0.986069
2.111740
1.929357
3.613846
2.129050
4.185936
4.120331
3.721879
2.764581
8.541675
4.254625
5.978546
7.721309
5.075730
11.674642
3.838093
5.002654
1.575831
2.124162
2.223935
3.422983
2.313443
2.152759
2.496880
3.046715
1.567087
2.333523
2.998769
5.389150
4.095671
2.312133
5.041734
2.986095
2.143489
3.094755
3.765459
2.842457
1.723227
1.516977
1.803241
1.114829
4.165595
1.903493
2.623699
2.452804
2.185203
2.916786
3.200875
5.315659
14.254704
3.320846
2.488308
7.508652
5.848018
4.861534
5.459818
2.586224
4.414548
2.280875
1.986302
2.359961
7.202354
3.281327
6.240909
8.540491
2.724462
1.959474
1.759655
2.376282
2.802197
4.020271
2.079027
10.497469
8.836771
5.739545
5.189666
16.086181
17.326104
17.396426
1.385407
1.355973
1.116445
1.356330
1.823627
3.545855
1.414832
2.732606
5.292242
1.100316
1.315595
1.445851
3.260716
2.647143
4.809737
2.620449
5.415823
4.439006
5.753330
2.786654
9.061182
7.375368
7.430105
9.115167
10.095326
1.883912
2.973042
4.804787
2.883100
4.035120
1.269337
1.534355
2.234354
3.471913
3.890303
4.266920
2.844351
6.282758
5.053032
1.562370
1.013625
1.569746
1.755142
3.868825
2.435606
2.843107
2.610865
3.385529
1.915229
1.621792
1.360272
1.256474
0.985474
1.595034
1.938211
3.933695
3.637668
1.471598
2.099310
2.325974
1.847307
2.040359
4.723901
3.941819
2.075956
2.719226
2.226112
3.950998
1.726217
3.119926
2.602489
5.995148
4.967172
9.943720
6.064644
9.474411
11.760301
14.082191
11.072552
9.972835
6.619647
6.625081
1.899979
4.453944
3.811234
2.157515
4.458768
3.944338
8.588937
8.714733
6.750999
5.747121
9.864201
3.231730
3.194335
4.179907
2.622726
3.881947
2.561113
3.404644
2.872754
4.548048
3.966163
2.893049
1.644778
1.347703
1.627121
1.940999
2.018270
3.503758
5.659312
2.527443
9.364618
1.638341
2.345951
3.117837
5.382989
2.580444
6.901743
3.019304
1.922765
1.952843
2.077239
2.750503
2.092985
2.178945
2.917031
1.683148
4.834037
5.081896
2.058740
2.872610
4.413660
5.825367
3.159663
6.210399
4.888177
2.726425
3.302596
2.168728
2.164151
2.885371
3.918501
1.128126
1.184613
2.176155
2.836575
3.496828
1.833817
3.238219
3.226708
2.102807
2.154327
3.168885
3.991621
2.156524
4.410411
6.398622
7.493945
7.549407
4.576413
1.539709
3.153421
2.463562
2.346870
1.748223
1.511047
2.432769
1.669323
2.158981
3.171998
1.387902
2.282798
2.222064
1.337592
1.917473
2.464302
2.338390
3.215592
3.045030
3.963875
5.823268
4.997463
2.115132
5.394756
4.255576
2.977244
5.700803
5.065269
3.771600
11.815630
2.346638
3.635107
8.081943
3.775865
3.468922
2.090324
6.054289
4.591414
3.607119
14.964882
7.262255
9.386960
2.989230
8.476149
3.342461
3.297508
3.555909
2.588719
12.326039
2.080564
2.653836
2.056294
6.092857
15.202817
15.496839
3.629282
6.604493
19.886350
3.291424
21.009478
14.373911
4.678273
4.344140
17.532451
2.360751
1.405162
1.373428
1.686238
2.824153
3.616502
1.871476
2.644611
2.445165
2.106778
5.754124
5.321366
1.687093
3.639142
6.226723
2.831084
2.433564
3.507781
4.179238
1.651079
2.804277
2.119492
10.865135
10.345929
1.976208
2.570392
1.916404
2.173281
3.804116
3.916383
1.931807
3.038805
2.712287
4.353208
1.657138
1.436193
2.835575
3.198521
1.454826
10.737703
1.091001
1.334995
1.481374
1.602470
2.167602
2.296307
2.794278
3.568638
6.261882
2.557374
2.139878
2.848923
3.744350
1.981839
9.908334
9.306289
10.733300
12.733722
11.222927
8.059234
6.531672
6.853227
2.459260
1.981169
1.819665
3.288033
3.667247
6.037985
25.727245
3.564206
3.259781
4.353702
2.983177
5.070728
7.208242
6.184030
10.103721
12.467900
13.129470
2.032249
1.992001
1.230548
4.070541
4.472644
4.864388
4.985048
1.191328
1.456335
1.727416
1.380262
1.805293
1.363132
2.998413
3.076552
3.030178
3.733446
4.470233
2.282914
2.492958
5.904759
9.298711
9.046665
7.670220
4.881821
7.222383
11.105579
12.403578
11.050295
3.646815
4.219581
3.571509
5.442524
2.063602
5.448848
3.246187
2.204157
4.819382
5.910297
2.566749
1.222027
2.355325
2.832956
2.806945
5.340668
4.404159
5.753948
1.133972
1.750337
0.910244
1.768663
2.408786
1.241634
1.850367
2.622501
2.826149
3.648220
8.503860
10.321926
1.295814
1.375554
1.476401
14.880533
5.704593
6.487362
9.490038
11.484822
2.137143
2.180380
2.184620
11.562244
16.445064
18.705167
5.322777
17.260364
8.664935
3.052836
23.143982
9.946592
13.331735
1.090652
1.763270
1.354273
1.532472
2.399624
2.251723
5.752104
1.496517
1.239757
1.466254
3.081556
1.078969
2.683811
2.344312
2.298683
4.256577
1.212287
2.411570
2.884145
1.915305
2.692798
1.579984
1.801851
7.952127
14.055656
3.302227
1.371674
5.035168
16.079556
6.108306
5.246707
5.654798
13.130299
1.166536
25.251090
2.708922
2.893620
1.786751
2.689603
1.932825
1.490837
1.894224
2.767349
1.652042
6.099058
2.501850
1.815179
1.858472
1.351275
2.402863
2.109966
3.708883
5.933984
0.866250
1.230571
1.411876
1.913465
1.057896
1.235720
1.848484
0.978380
1.206120
1.658052
2.073163
1.532538
3.243041
9.193944
5.087932
4.036131
8.257764
3.060775
2.630159
8.363104
9.297710
10.719512
11.579700
15.051581
12.954338
2.494027
3.070792
4.322726
3.910025
3.130406
1.765466
3.559841
2.936831
10.790053
2.113987
2.280662
2.277083
2.608790
2.544257
9.842766
1.597596
2.227547
1.653131
1.553197
1.617964
2.264019
2.189707
2.300247
9.098817
7.885518
7.655651
1.911157
2.891835
1.737604
4.330630
1.337623
5.298389
4.129654
4.767252
7.392956
6.736380
8.851458
3.765128
1.979578
6.465791
2.652546
2.177973
2.333004
1.036882
2.415775
2.274654
2.427725
3.640655
2.068346
4.110437
1.656375
3.829414
5.310657
3.469159
1.150494
1.466184
1.263084
1.204846
1.107408
1.320687
1.191413
1.360423
1.430154
1.631048
1.822614
2.861512
1.596546
2.160362
2.024985
3.541606
3.172404
5.268584
6.198684
1.257723
5.062865
4.926827
4.796250
5.908918
7.439099
7.733802
7.987969
1.418263
1.705031
3.572064
4.207966
3.200793
1.842238
2.306831
0.901284
8.360938
9.514020
11.152637
9.145008
7.651712
1.580491
9.891334
1.674553
3.402238
2.142640
2.675814
2.592459
3.791057
1.249320
1.325424
3.083882
4.095766
2.043660
2.664211
1.823557
2.621300
2.886829
4.683865
4.160132
5.352199
4.378104
6.457064
6.547756
5.499181
3.419293
5.246861
5.152130
1.657108
2.190519
2.416297
1.137237
2.279556
1.662422
4.147714
4.080937
1.223539
1.295321
2.158520
3.480038
5.078376
1.620827
6.591370
1.951845
2.254137
2.424035
6.817188
1.605783
3.068489
1.688067
1.569520
1.533310
1.184161
1.621324
0.952307
1.007996
1.502196
1.128170
1.486112
0.974986
2.455932
4.339387
2.438500
2.278539
6.008608
6.390687
4.572420
5.527960
1.774411
2.367883
1.907669
2.783380
1.851920
1.997507
2.993016
3.759499
1.589026
2.895994
2.938766
1.752164
3.916030
3.336108
2.163493
2.251027
2.131922
2.492344
5.115241
1.633362
2.895468
2.184201
2.811923
1.656494
1.392241
1.718798
0.997554
0.854883
1.251521
1.110565
1.167128
1.600108
2.174219
2.765280
1.176626
2.427768
2.808981
1.431678
1.831024
2.249054
0.992684
1.358065
1.971686
2.086129
1.198346
0.886922
1.454461
2.604329
3.653937
2.223379
2.772742
3.036277
2.695917
5.156035
8.158025
5.130970
6.877474
6.433273
9.728516
10.417326
2.819670
2.515581
2.650865
5.153832
1.957043
2.688077
3.735925
4.421777
3.908104
2.567262
1.809088
2.883584
2.062494
3.036935
3.301817
4.700955
6.990247
2.429495
3.331877
5.307197
2.023369
4.297872
1.620073
1.734245
2.601733
2.334138
2.922494
2.616441
1.526656
2.012729
2.599121
2.870291
1.833987
2.662000
3.809381
2.970347
3.248839
2.967206
3.206605
2.189774
2.851040
4.408690
2.068481
2.843905
1.104664
1.174726
0.923908
1.372697
1.286152
1.706977
1.208332
1.459968
1.019693
1.497080
1.897296
2.459712
3.071298
2.992924
6.552071
1.292611
1.505666
1.211824
1.990404
1.922832
1.057296
1.830390
0.947763
1.143085
1.441128
1.829399
1.088833
1.898946
1.342397
1.089090
1.738208
2.000358
2.859210
2.271571
2.288727
7.830902
2.623000
5.176605
4.322610
4.336998
1.617132
1.567939
2.544352
2.519016
1.207399
1.912891
1.720100
1.996761
1.824875
2.008836
2.786488
4.383733
4.612975
5.272865
2.959255
1.145128
1.152619
2.317416
1.930427
3.078654
1.634428
2.056765
1.449353
1.285707
2.356162
1.654499
1.229294
2.799863
3.153407
1.435722
1.564333
2.026166
1.225437
1.605252
1.767811
2.237707
3.195103
1.713695
2.349901
2.585451
1.639424
1.022701
0.970155
1.155499
1.271136
1.858637
0.883340
1.104808
1.224849
1.128141
1.070250
1.376439
1.731748
0.942302
0.987639
1.518063
2.392342
1.814314
1.308046
1.209026
1.358471
2.629140
1.348294
1.789484
1.590348
3.462240
1.334654
1.353437
2.347385
1.468366
1.545652
2.594636
2.111289
1.619477
1.825533
1.564252
1.998732
1.407069
1.430859
1.972047
1.732260
0.942751
1.240912
0.975725
1.536487
1.694809
1.790594
1.387057
3.447704
1.241205
1.195317
1.722454
1.060260
0.958307
1.434195
1.267510
1.614553
1.522171
4.075191
2.573011
2.229881
2.793175
3.016199
2.142258
2.510072
2.089832
1.501723
3.575011
7.733327
1.530877
1.337624
1.805014
1.522430
1.550108
6.076951
4.797134
2.249199
2.738224
4.704471
5.575937
3.547750
2.178189
2.458188
1.861482
1.144477
1.317724
1.681402
1.301844
1.092357
1.476813
1.316825
1.465369
1.117958
1.596762
1.710037
2.197912
2.140601
2.435521
2.272825
1.576513
1.430103
3.713071
3.457826
5.051379
3.938682
1.261268
1.558684
2.121815
4.171511
3.262188
1.915785
1.820377
2.702973
2.615015
2.057320
7.191361
2.811609
2.863019
1.930414
7.181497
3.896383
3.940396
3.667724
2.781685
2.858148
1.508643
1.065163
1.592609
1.684790
2.799794
1.442036
2.001642
1.342865
1.631404
1.977196
1.131832
1.590227
2.287586
3.265012
2.506674
4.043846
5.549595
1.433765
2.806852
1.720874
5.282536
2.800641
3.168913
3.922620
3.420489
1.897503
2.124493
1.224704
3.730622
1.233971
1.227322
6.951732
1.703984
8.240218
1.315839
9.188150
7.511190
6.829643
10.901812
1.289530
1.414866
1.951178
1.186605
0.941580
0.998877
2.009241
1.140724
1.686861
2.217084
3.400848
2.173265
1.701852
2.060570
1.302646
1.677711
1.902568
2.643733
5.155279
3.634973
3.050961
8.751624
3.080170
3.950344
2.975612
3.355850
1.863690
4.495330
5.657601
2.576152
2.137389
5.098254
14.494639
7.241820
17.247178
19.361832
5.516929
18.110782
5.688625
7.606194
22.223994
9.872346
9.260270
8.806825
1.790648
2.365901
4.062613
3.751469
2.840618
3.269586
1.068372
1.856998
3.483467
4.077963
2.264482
1.696516
3.001153
1.600310
3.193112
3.485673
3.610526
2.266937
2.207048
3.046789
4.170772
4.078977
3.351573
4.851725
1.283944
2.026766
3.682086
2.320906
2.336926
3.763129
5.564004
5.316616
2.865680
3.484250
2.126594
3.063586
3.992922
1.940694
1.371908
1.736982
2.297597
3.364303
6.001355
6.690625
2.079764
7.584699
8.509757
1.125954
1.765529
2.158704
2.315351
4.639133
4.574645
1.918844
2.670754
2.777256
1.935419
1.729333
1.689757
1.293030
2.143393
1.850128
2.614932
2.084043
1.813518
1.562120
6.274624
2.236224
4.254981
3.313887
2.608437
7.294038
1.321854
3.541801
2.357027
4.073835
2.508303
3.335739
2.651276
1.646881
1.973444
5.028527
1.614961
4.370197
7.565688
2.992583
6.066143
1.704374
1.284263
2.100328
1.763346
3.859854
2.815765
1.717461
3.704434
2.768276
1.827845
3.476564
2.103039
1.024513
2.633551
2.845464
2.586000
1.347447
1.184389
1.264827
1.439167
2.734244
1.161092
3.931917
1.680650
1.313694
5.012085
4.557590
5.211079
4.709462
4.611044
3.663525
7.831902
3.193042
1.911909
2.473958
2.650670
4.197064
5.556163
6.283503
1.866734
1.555491
3.280135
2.031431
2.295163
3.573694
1.591012
2.590595
2.354038
1.622124
1.286154
5.241364
2.105964
3.612228
3.439945
1.318993
2.340343
9.705196
1.926780
4.024430
1.439538
1.855245
2.838265
2.965271
2.933032
2.259773
2.703301
2.047664
4.622550
3.750218
4.870831
3.246114
3.642953
2.693736
2.354848
1.231343
3.395394
1.921462
2.727233
2.280685
1.427037
3.104980
2.097502
2.158652
2.830196
5.338625
5.552146
6.488004
3.157773
2.479599
4.847334
7.132114
3.303897
5.124450
4.878354
7.613635
10.836506
5.547398
4.676982
8.260535
7.207380
2.662222
2.337255
3.589070
1.715745
3.982893
5.453707
5.381868
3.592291
4.430486
4.912194
4.444839
6.970819
6.817772
5.386918
3.312103
4.024494
3.313392
1.992125
1.102965
4.792739
2.797792
5.596328
5.729819
4.442484
4.555144
2.346037
3.355401
6.242450
19.417771
6.242877
4.797715
3.364373
9.305771
15.950799
1.888068
9.906820
9.219652
10.116481
7.771445
8.089466
9.201768
7.692923
2.503978
2.871686
2.672572
8.972474
5.735982
14.037739
3.147950
9.026732
6.792414
8.096747
10.074135
7.263256
18.300551
7.182128
8.991758
21.252592
13.612199
1.671512
2.876843
3.756899
3.725743
3.331150
1.409185
1.189925
2.454210
3.381979
6.212457
2.874043
2.820278
4.846396
11.013023
2.225658
1.450063
6.459518
1.510473
2.167555
2.055374
2.621011
2.892871
1.584482
1.734964
1.568274
1.464718
2.371842
2.366933
1.906445
3.143097
3.555847
1.836702
4.978255
2.438831
1.905299
1.347421
2.880761
5.496856
5.727955
6.280235
1.508001
2.029554
4.281767
2.636077
2.469131
4.190653
4.659659
4.124384
5.971751
3.314343
2.937783
3.521427
2.539464
6.361584
4.987878
2.873369
2.444117
2.994454
5.256531
16.366922
10.093812
15.629245
8.783794
5.019407
6.583704
7.307335
7.319772
1.711959
6.777627
6.226970
14.753349
8.195234
15.090194
17.343934
4.156143
23.106612
6.055342
9.614774
8.359961
4.996990
1.640912
1.827909
1.725342
4.899741
1.985853
6.507111
6.266658
6.263644
5.847880
6.418870
5.767492
2.840315
2.876290
2.305705
1.753956
1.536653
2.380871
2.495311
2.609460
1.720950
1.532327
1.272641
1.430255
1.252047
2.481082
3.991954
2.176038
2.978111
8.258590
6.368276
5.403414
4.893468
3.712920
9.746904
6.252494
4.350244
9.649199
15.456159
11.345441
1.263927
1.687780
1.756382
3.588760
4.537131
4.451793
6.388462
5.517248
1.333393
1.904852
1.196903
8.805335
8.442598
10.123866
12.035488
6.521500
14.165592
6.457978
6.551670
7.487410
1.688824
4.083880
1.502750
2.291747
1.996313
6.570575
2.064711
1.726595
1.309933
3.954279
1.858125
4.673193
2.060080
3.732437
4.917406
5.737022
1.536680
5.508691
6.749629
4.472117
2.160206
1.233414
3.096167
2.151113
1.366062
1.719680
1.460047
2.784218
3.102404
3.143718
5.705757
2.362702
1.587346
10.801281
4.827520
2.200679
15.413521
9.282929
1.845174
1.655054
10.875404
2.930726
10.788263
12.633111
6.794637
11.214250
10.085252
9.616567
8.222708
8.240471
7.265067
10.896821
1.994184
4.608842
7.304615
1.838525
16.783483
6.860702
10.380536
1.568978
1.464947
2.994298
3.328655
3.323896
3.411632
3.462249
3.297341
2.812299
1.821704
1.786047
1.607462
1.751375
1.350312
2.999076
2.997351
3.392105
3.571563
1.865760
2.073971
10.470789
1.288599
3.006163
6.083373
2.145005
14.364342
2.079579
3.400076
4.836633
7.027029
1.953172
1.759268
3.402860
2.572383
6.095759
4.220320
2.719698
4.990105
2.579833
8.471918
10.461665
1.071287
1.347420
2.029649
1.226949
2.666637
2.008417
2.000898
2.085721
1.929207
2.823282
1.811273
1.708353
2.293555
2.429664
2.124328
2.931028
2.966299
2.456087
4.130170
4.397598
2.161368
2.804834
3.894874
7.406004
4.307826
1.878130
2.207275
3.228474
3.668443
2.449147
3.001664
3.481559
4.327154
7.500471
5.056911
6.146224
3.526585
12.640883
12.733482
18.695247