118.517625
288.828077
55.000233
328.597428
276.417252
320.688130
430.760772
277.120867
157.824397
12.575178
9.483197
11.052293
16.284828
20.046654
13.179664
14.596687
15.336871
35.485938
77.866038
67.847640
10.932770
10.943579
11.468089
11.898044
14.470249
12.596480
17.069189
16.310308
11.141899
11.162300
10.736160
10.281070
14.242702
16.684506
13.071377
12.191973
10.050780
12.561294
14.092823
15.624129
10.039577
17.118306
11.078936
22.361697
12.405634
11.433173
11.390514
13.877835
9.756104
9.938974
10.879546
10.049043
9.898042
10.850048
11.655217
11.885326
10.879214
15.639104
12.526538
14.043951
9.883207
11.480053
9.892630
12.863446
15.216771
11.910158
13.465170
15.259413
10.482993
13.650414
10.571212
10.409059
9.435507
10.004242
22.181801
23.642583
10.649112
44.674192
9.873259
11.450347
10.095152
10.819756
10.655808
10.060654
11.692240
9.950127
16.703473
18.308270
10.981896
10.676560
12.607614
10.263640
11.154191
10.689832
10.263539
15.704723
12.813950
10.006676
9.780607
12.151308
9.460971
9.490029
9.869915
10.133667
9.196859
10.218439
16.498576
13.508045
10.493111
10.519424
9.642196
9.467018
11.880520
10.107183
11.626069
14.068318
11.894042
15.506710
9.851705
13.616097
10.850711
11.878589
12.361443
11.227526
16.726796
12.988390
13.506746
18.652462
9.717448
10.764564
9.366460
10.281592
10.111884
9.878342
10.591354
10.863304
14.832166
14.479236
17.026512
19.440711
10.001207
9.646937
9.766927
10.174938
10.283094
14.401513
10.071473
11.727863
10.095481
9.905475
9.517876
9.820077
10.282456
10.265360
10.245502
10.358532
11.616160
10.392034
10.759315
14.480838
12.027192
10.970513
9.861237
9.523578
9.942351
10.488623
11.689887
9.819349
10.363329
10.224049
10.545465
10.513006
10.244264
10.053697
9.831416
10.451757
10.472898
10.273971
10.501769
9.633150
9.839336
11.012726
17.195928
12.429625
10.095106
9.700737
10.450968
10.683775
10.677034
9.501197
10.926809
10.468683
9.711455
10.092670
12.271618
11.022405
13.729789
10.593411
10.037813
10.168855
9.587874
10.130115
10.044865
9.489272
9.959694
9.501997
10.324484
10.105151
10.757088
13.931615
10.593599
10.045092
9.900533
10.201724
10.818762
17.513115
11.496542
10.473594
10.367259
9.144434
10.964194
10.265577
10.246714
10.456842
9.796357
11.995600
12.187217
10.339863
10.850468
10.884503
9.419792
10.310244
10.147889
13.246901
9.850003
9.948265
10.690990
9.473847
11.546514
10.668694
8.998601
9.678910
11.166990
9.899134
9.209567
9.891452
11.346213
10.410279
10.083962
11.176954
14.229559
11.738277
10.352602
10.127612
12.472436
15.638552
11.235677
10.107332
10.032371
11.102779
9.322125
9.878906
16.844164
18.438477
19.014953
9.293423
10.224791
9.892046
9.440343
10.930655
11.045966
15.220839
10.974678
10.009141
9.693424
10.282818
9.508307
9.960930
10.623098
10.722097
14.396362
38.838857
105.843376
105.740388
41.583602
94.014784
192.980830
93.303543
55.793751
95.822458
57.071532
40.770209
64.279974
109.673563
78.366086
69.482354
35.335936
10.914747
10.286221
14.183665
10.471035
9.407778
10.294684
11.057821
13.095909
12.295932
12.033025
13.655291
81.678410
12.055117
26.044801
76.468818
79.151779
9.535256
11.203128
13.546460
9.763827
10.322808
18.227256
11.898215
49.443151
19.929057
9.921100
14.583961
14.826745
9.568268
9.746548
10.220534
18.990230
17.537745
17.693602
9.529938
15.328663
12.651055
14.460697
15.869290
16.736449
47.431624
18.264220
51.070809
12.123699
13.903582
9.652616
9.571598
10.274984
9.246788
10.636705
9.649643
9.850741
10.586636
10.585459
8.812834
10.043881
11.224611
10.584162
9.942605
10.347821
16.243228
13.492152
11.933897
11.140930
12.329078
9.768977
13.358038
11.306574
9.948170
14.378966
14.000582
8.792697
10.275428
10.159427
10.864232
11.133559
10.132591
10.525112
10.231739
9.376790
14.233435
18.741791
10.930844
9.868165
14.602264
9.308308
16.955864
19.001656
9.614587
16.222803
15.038329
9.483085
10.421674
9.924105
9.120222
9.964331
12.226880
12.728020
11.958203
9.341837
10.636467
12.497557
10.106255
9.805986
10.011753
11.148056
9.581129
15.805871
9.314317
13.161246
13.224695
9.125139
10.602905
9.365865
9.240463
9.412037
9.395685
11.097109
17.979893
9.549327
9.462373
10.020104
10.855248
32.725722
25.778650
9.856400
11.914785
12.649079
9.270690
11.350200
10.236662
9.591738
10.217537
9.871105
9.698880
9.422317
9.571995
9.983259
9.862770
9.856999
9.368615
12.546984
9.947319
12.503127
13.733171
10.554909
16.583586
15.989734
9.722282
18.244126
17.132835
11.148040
11.070199
13.346083
9.491361
9.905250
9.442192
12.547890
12.159114
9.285325
9.781780
9.360534
10.143960
12.826625
13.794082
9.145998
9.087721
13.100976
9.469061
12.432994
12.227218
10.901901
11.781899
12.073013
9.709519
10.883822
12.754070
12.765019
11.741415
9.762426
9.879786
9.752217
9.522426
12.880041
12.731293
10.546946
9.438518
9.952616
9.293272
9.742353
9.947402
9.857804
14.151530
9.914605
9.459100
9.682176
10.654314
18.826397
13.603741
20.293342
9.052941
9.426547
9.059281
10.434960
16.282650
20.468181
9.835475
10.160658
9.450783
12.995791
18.740234
10.252542
11.881770
9.763918
10.679394
12.083789
12.065183
12.272476
11.755419
9.642445
25.917679
67.528788
13.666450
9.463663
9.568134
10.516401
9.718971
9.483291
9.691027
9.166372
9.313123
9.782519
10.341790
9.254982
9.123611
9.177435
9.732374
10.843336
12.044962
18.389332
10.170827
13.955999
10.074862
11.288222
17.349808
13.205240
13.648251
18.386179
17.623778
9.614178
10.236480
15.980840
9.895039
10.653952
9.427949
9.552598
9.577892
10.727220
11.900650
9.482155
9.862578
13.921407
11.907038
9.765024
9.647589
9.539823
9.294127
9.657169
9.783046
10.480074
10.316896
13.120948
11.356043
11.214604
10.963901
11.237723
11.815091
10.403220
10.413044
15.950800
12.671987
10.823032
16.879381
9.107040
9.732908
8.957668
9.509301
11.316060
8.986446
9.738209
12.829348
10.867934
13.743792
12.170594
9.963364
9.547165
10.126249
10.159564
11.441213
9.991227
10.809325
10.028000
9.978724
9.576350
10.405498
9.392399
9.153084
9.418482
9.339777
9.587458
9.210940
11.090242
10.655837
10.052257
9.331130
9.074188
11.453855
13.790774
13.934617
10.048909
10.213014
9.915565
10.827774
9.117671
9.512048
9.093519
9.735657
9.963268
9.159762
13.158752
10.406298
13.093024
12.659548
12.967958
30.951060
22.890108
12.975448
9.920672
9.708500
9.798726
9.688844
9.779629
12.654059
9.542998
16.084676
9.288414
9.561116
16.573596
11.020549
9.516618
9.678559
10.970881
16.052814
12.588692
9.625406
18.326152
19.634060
11.625215
13.794105
10.138070
12.220892
9.811296
10.642987
8.999035
11.055140
13.617498
12.356347
10.451499
9.718164
9.951965
9.243073
11.059969
10.612875
11.469596
12.510798
10.264233
10.955978
9.912228
11.037378
10.072983
9.131719
9.143432
9.508228
9.301061
9.880852
9.428817
9.640666
9.391140
9.596350
9.676749
9.518346
13.778165
13.459474
29.130351
9.330407
9.311177
9.608006
11.888270
13.139406
10.332485
9.372056
10.451534
10.285625
10.202984
10.098368
9.477089
9.693228
10.151443
10.347493
9.300027
10.280810
10.001526
10.037572
9.867172
9.135469
9.270623
11.196676
27.784747
25.247226
51.282344
66.765955
20.860578
70.179297
9.251836
11.398700
9.020226
9.529586
10.089280
9.362514
9.076174
9.266571
9.540802
9.637998
9.812924
10.426092
11.603158
15.236774
16.171520
17.138696
9.594013
16.184275
9.526084
9.239317
9.188107
9.377049
11.314078
12.932816
13.630778
11.957593
10.449964
11.532877
16.421381
14.628770
11.967139
9.557400
8.874932
11.571088
9.846210
9.940026
9.398807
11.013413
9.330430
12.072606
9.412791
9.477495
9.060862
9.215682
10.428466
9.630818
9.527077
12.245380
10.385374
16.418437
11.514073
9.503660
11.669519
11.451101
8.957301
9.220514
10.026932
9.049857
8.960084
9.435025
16.785129
17.231821
9.395845
8.815055
9.351034
9.273484
9.286177
9.643339
11.484200
9.074519
9.289789
9.165851
9.726854
10.071363
9.995148
9.475514
11.744461
10.109889
10.019484
8.971436
10.277006
9.126051
11.908933
11.560184
9.528866
9.418299
9.665544
9.171364
10.531621
9.547247
11.079453
10.969152
9.509940
9.579658
10.213001
10.062205
9.578302
10.063846
11.087618
9.067974
9.881386
11.648737
10.788873
11.491244
10.025489
9.257631
8.773451
8.995193
9.499084
9.403998
10.238722
9.682148
9.387786
9.710469
9.941437
10.145992
17.573602
9.738179
9.701258
8.869637
9.615869
9.293608
9.458669
10.039742
10.673456
9.606346
9.526484
9.290950
9.221628
9.474022
9.807147
9.657380
9.347902
10.791532
9.748193
9.585012
10.004687
9.405585
9.593108
9.631409
9.629456
9.360446
9.646671
10.860751
10.121534
9.372032
9.398313
9.504283
10.088616
9.580643
9.858504
10.310125
9.748386
9.695590
9.304217
9.500625
9.057659
9.950932
11.655095
9.797291
9.767219
9.704261
10.298648
9.138575
9.422949
9.909840
9.737943
9.370021
12.275685
10.615627
10.416238
9.113523
9.857905
10.210651
9.692792
10.840766
10.984464
10.610088
9.704129
9.089365
9.033584
9.900938
9.028319
9.444006
9.745158
10.411095
10.256698
9.992220
15.603027
24.139754
44.668986
59.006414
64.336037
51.123136
28.921107
79.746955
18.783268
15.768645
56.088204
10.117250
9.020401
10.503379
9.515681
9.262273
8.994781
9.730299
9.973334
8.898445
10.113252
12.099203
11.070805
15.127287
11.907125
11.614644
10.816856
9.261996
9.164538
9.641473
9.145477
15.571127
9.640650
9.586686
9.080262
9.038048
9.405774
9.760223
9.703283
20.021793
13.063589
13.119463
12.062470
10.650481
13.589902
13.443980
12.469012
9.547633
9.484827
9.192616
9.454267
10.327655
9.284865
9.475263
9.054657
13.653166
9.136011
9.515032
9.372694
9.644972
9.318464
9.482514
10.176359
14.274077
17.776072
19.596685
30.696996
9.343164
15.657659
10.459627
9.146740
10.335338
9.640145
10.045355
9.084000
9.410855
10.534307
9.989495
8.977694
9.510437
9.453018
9.916117
9.042315
9.092871
9.249058
9.494100
9.646357
9.197581
10.292807
9.184679
8.883268
9.399632
9.617147
9.426177
13.148444
10.147237
9.148893
9.384583
9.128006
9.033020
10.125050
9.329877
9.008879
9.003058
9.091033
8.899967
10.308765
9.226689
9.711085
9.250523
9.852209
9.366067
9.311339
12.774462
9.663926
10.196556
11.104210
13.210670
9.629860
9.544249
11.146643
9.642522
9.650590
9.287169
9.345025
9.072688
9.262223
9.269117
9.914355
9.507221
12.560815
9.989510
12.917997
9.476065
8.913636
10.331859
9.289466
8.890442
9.031283
9.015327
10.678123
9.161680
10.937549
9.616212
9.942003
10.248971
9.829464
9.807699
9.247152
9.697400
8.808978
9.624055
9.220886
9.491766
9.077865
9.171425
13.161610
10.461845
8.952128
9.487560
9.036746
9.414597
9.482336
9.086628
9.879977
9.403100
8.825363
8.992285
9.118787
9.226354
8.790368
9.730035
9.388738
9.446881
9.090612
11.166991
9.366299
9.493186
9.563688
9.579627
9.890267
9.207425
9.031308
8.908102
9.585821
9.239907
9.330570
9.695269
9.241534
9.414046
9.184104
9.467700
9.969869
9.222977
8.936768
9.095752
9.194101
11.588398
21.776983
30.079189
18.326842
22.646854
37.842646
12.915597
12.491943
17.829511
30.291443
14.634744
10.271789
9.439602
9.200951
9.254275
9.703531
12.439132
10.341628
9.242558
9.507529
9.476745
9.677940
12.795760
11.461806
14.048393
13.848489
9.818534
9.706078
9.631464
9.310782
10.003860
9.464614
9.702017
9.060879
9.200102
9.166296
9.894188
8.905663
9.144973
9.676713
9.339774
9.035218
10.629309
10.170865
9.413334
10.812330
14.510981
21.600159
16.774534
11.033977
13.221035
22.799462
10.961934
9.836630
10.077551
9.221183
9.317246
9.920033
13.574490
9.236675
8.983381
9.371202
12.236501
13.121083
10.154630
9.579245
9.348890
14.185728
10.417016
9.283732
10.277522
9.916551
9.990099
9.453897
10.089959
9.022786
9.280244
10.618656
9.414050
9.202286
8.820795
9.558002
10.675060
10.092757
9.102119
9.484943
9.643209
9.261970
9.780835
9.436036
11.351902
9.763598
11.305904
9.051664
9.501817
9.193890
9.500978
9.152016
9.676067
9.185518
9.181246
10.321056
9.581101
9.439447
9.016081
9.971189
9.991691
9.343147
10.240061
9.188083
8.933239
9.500456
10.687883
12.154229
9.412760
9.663436
9.444392
8.947256
12.281245
9.420172
9.627788
9.106058
9.449112
9.680461
9.548296
10.635658
9.687263
9.482232
9.571453
9.368990
10.309424
9.186989
22.842823
9.175855
9.574420
9.411051
9.626511
9.170654
9.715365
9.691617
9.878243
9.188626
34.007027
14.494419
9.353235
10.905720
10.864132
10.426589
12.245355
9.059425
9.935619
9.839898
9.597715
10.610593
12.758700
10.164601
9.879767
8.817746
9.374629
9.888729
9.391727
9.018807
9.257197
14.142661
11.038921
8.991051
9.669890
9.251812
9.060843
11.213283
9.330337
9.348584
9.384100
9.670472
9.426374
11.966341
14.665038
8.905280
9.795368
9.203820
10.226016
9.190377
9.532325
10.808392
9.422405
9.643495
9.772397
9.155442
9.405517
9.350589
9.267440
9.750264
9.635871
9.505103
9.563229
9.345761
9.300960
18.588082
17.024749
51.480410
37.863269
12.942138
10.299572
16.349562
16.517754
11.330607
8.984400
9.354869
10.190910
9.408448
9.598611
10.040933
9.939239
9.360961
9.289554
13.747842
14.342549
9.013200
9.125231
10.371246
10.492631
10.396000
9.204381
25.798121
31.275986
9.333850
12.555554
10.534171
9.177639
9.160243
9.762068
9.466705
9.027387
8.726251
9.326771
8.787661
9.385588
9.775770
9.671469
10.325843
9.974992
11.298216
8.888946
9.136083
9.446469
8.899110
8.981924
9.922837
10.451133
9.388193
9.264999
14.804847
11.815001
12.320222
12.654097
8.955905
8.987655
9.313158
11.867162
9.639745
10.187116
13.285121
8.940501
9.220615
9.250654
8.991264
8.767795
8.935900
8.802739
9.167763
9.960146
9.499971
9.348185
10.548953
9.479731
9.171637
9.014057
9.013330
9.955950
9.300378
8.463030
9.143474
8.704328
9.688877
9.365360
9.390509
9.534578
9.783238
9.384103
9.083453
10.189345
9.119858
9.084296
9.788652
9.179587
9.119229
8.843304
9.241418
10.051807
9.337529
9.626297
9.538442
8.661143
10.347745
9.525836
9.499551
8.926863
9.406850
9.578203
8.656750
9.558289
9.853075
8.731075
10.164566
9.505427
11.037590
9.852355
8.726916
12.732057
8.824701
9.415364
9.171861
8.524811
13.065604
9.528906
9.725392
9.009204
9.525727
8.829320
9.583362
9.084105
9.210044
8.719534
9.321228
9.098971
9.594657
9.572549
8.978331
9.927867
10.489798
9.396334
9.029805
8.820441
9.376621
9.649832
8.916623
9.323885
9.181772
9.211070
9.438970
9.133244
9.759436
9.639835
9.244314
8.715902
9.153646
9.622275
9.033873
9.280526
9.009239
9.794870
9.055507
8.890058
9.414027
11.468968
9.771509
10.901625
9.754586
9.983012
9.230467
8.972869
10.727531
9.073996
8.786476
10.368671
9.513043
9.153415
8.732661
8.986761
9.229899
9.569965
9.036941
9.168473
9.126152
9.598889
9.281243
8.955176
9.102653
8.917271
9.157654
9.367776
8.870942
9.117690
9.575616
9.170621
18.229584
18.795359
14.636074
11.264459
9.914934
12.133627
11.396120
12.794863
9.337761
9.613368
9.034031
9.144482
9.510340
8.896542
8.777726
8.899643
9.163711
9.011196
9.397637
9.788222
17.523390
32.941740
12.335835
12.227287
9.298189
9.445749
9.322309
8.758771
9.048898
9.602756
9.151483
9.430085
11.679156
12.343167
9.452275
9.280054
10.322042
9.174306
10.075476
9.511456
9.309896
9.172263
9.586050
9.899162
8.964005
11.571463
9.578549
9.368325
9.611812
9.758023
9.405128
9.763944
9.629857
9.415284
9.158227
9.098863
9.455289
8.731570
9.112046
10.899296
8.679634
8.844501
8.949503
9.429415
9.212803
9.639216
8.820469
8.972854
9.737251
8.909356
9.634015
9.312021
9.458976
9.602869
9.261177
9.186979
9.319711
8.960518
9.985906
9.436194
8.740194
8.774792
9.330398
9.427101
9.546764
9.877790
9.965690
9.237325
9.649095
9.324079
10.064020
11.345857
9.635520
10.136586
9.737649
8.756271
9.109149
9.753849
9.244994
9.565356
9.582679
8.987031
9.114108
9.646237
9.703357
10.271137
11.654232
9.086930
11.659380
9.937996
9.424463
9.149675
9.860655
9.514419
12.012131
9.305921
9.949507
9.946855
9.322814
9.137998
11.461884
8.949994
10.237566
9.632390
9.300512
10.032464
10.019569
9.119256
9.992854
10.300554
14.414724
11.006137
10.958904
11.678784
14.149006
12.390970
14.971262
61.070688
42.116203
86.385457
9.314746
49.405768
21.384187
14.237118
8.923130
10.165230
9.597327
8.935040
8.896972
9.797218
11.188755
9.010870
9.929217
10.661941
9.402650
8.933233
9.782584
8.805120
9.640020
9.196703
79.310180
13.449277
20.306337
26.635785
10.023858
42.048930
15.629499
46.016888
32.024771
19.730733
10.139507
9.938830
10.003348
9.359959
9.096805
9.358647
10.135411
12.330756
14.910391
16.585276
9.535670
20.820350
13.633068
56.420955
10.153418
9.668892
9.807830
9.001024
8.905921
9.125839
16.649388
9.666329
10.398233
16.238350
9.513941
9.504888
9.491610
9.111034
10.568784
8.874501
11.073379
18.573241
28.513161
11.607106
19.086383
13.719807
54.763728
9.535891
8.905861
8.852595
9.215953
9.330359
9.461236
9.830067
9.098894
9.784320
9.653939
8.684924
9.871029
8.821961
8.905599
10.051429
9.554232
9.058429
10.901029
10.721641
11.169346
19.688732
10.629151
11.581810
9.692754
11.649943
10.093577
10.236542
10.032504
9.980355
9.356228
10.075647
9.894544
8.741714
9.449905
10.078407
15.658485
9.289138
9.500050
12.594819
8.840595
9.537489
9.711561
10.560181
9.063004
13.843319
9.000787
9.677670
10.439122
9.785898
10.402259
8.792179
9.416847
9.283578
12.734714
14.891872
16.538770
9.090874
9.720679
9.664006
8.755221
8.939312
12.291928
12.789859
16.816725
16.358350
13.054868
9.936399
9.417810
10.201617
9.485470
8.923639
8.858064
9.121885
11.831774
9.092222
9.586645
9.328557
9.377371
20.862017
9.318846
9.454022
8.726153
12.107417
8.876409
9.267337
10.773700
9.834473
9.366866
9.451478
9.821529
9.020409
9.015283
8.868774
9.419031
9.311809
9.517614
8.928851
9.409156
10.118520
8.904289
8.930341
12.312591
9.544052
9.157248
9.317412
10.520170
10.132758
9.392632
9.289760
9.804486
9.005755
12.164660
8.609070
8.498618
9.448613
11.784740
8.878279
13.358861
9.348405
8.673827
8.972007
8.962768
9.667475
8.995111
9.234815
9.454113
9.869468
9.237594
10.006001
9.776228
8.805048
8.625470
8.758480
10.524365
9.326608
12.746721
9.474211
9.954657
9.995617
8.791035
8.972733
9.103934
9.272076
9.181882
9.721391
14.592960
9.943715
9.195762
8.975708
10.629421
9.129501
9.462598
9.109370
9.196288
9.270134
10.127323
8.987401
14.152834
8.766249
9.114672
8.946322
9.443343
9.657592
8.924820
10.128842
9.203187
9.686010
9.979322
8.891257
11.340463
15.254775
18.434168
11.115181
9.342873
9.257281
10.028203
8.857076
10.063949
8.823140
9.323169
10.162499
9.154503
10.313286
9.225273
9.581920
10.187408
9.101771
10.013463
9.515707
8.880992
8.870110
17.138421
16.221642
9.459965
9.238040
13.167033
9.353577
9.555982
9.854005
9.467867
9.388204
9.152280
9.567514
9.286371
9.503884
8.959954
9.645515
10.063492
8.881171
9.131710
8.842785
8.913412
9.116207
8.988895
9.201106
9.499166
9.896258
9.738412
9.030826
12.930296
12.909726
8.713768
9.811631
9.621791
9.649145
9.192813
9.250851
9.471062
9.819078
9.060900
9.452826
8.738327
8.968307
9.002047
8.788450
8.993815
9.329626
9.433178
9.357440
9.769534
9.308573
9.366454
9.971727
9.784054
11.417227
8.993272
9.429453
9.894773
9.082758
9.335711
8.721090
9.546475
9.509816
11.274470
13.884848
15.051321
12.304956
13.481818
25.694166
11.083318
11.229863
8.852619
9.530883
9.401876
9.621441
9.706101
9.466974
9.511797
9.429062
9.204828
9.849588
9.209142
9.006884
9.025281
9.138655
8.935957
9.948770
15.755662
9.891459
9.235374
9.200716
9.796388
9.499975
9.254231
10.070189
9.652872
9.908993
9.407443
10.010590
9.998962
9.306067
8.833091
9.066175
8.712964
14.899591
10.444525
9.557498
9.420352
9.894981
9.517319
9.521512
9.169819
9.739542
9.240705
9.105402
9.129022
10.945163
11.459721
10.243006
9.562743
9.324546
9.443010
10.297177
9.590441
11.178502
9.837474
9.302598
9.150112
9.531320
9.552200
9.118049
8.922721
10.202230
10.063186
9.330115
9.894371
9.646791
11.272064
11.121262
9.424799
9.579703
10.730889
8.743388
9.153825
9.158255
10.679714
9.836539
9.659447
9.516584
9.433779
8.986333
9.019626
9.968107
10.170216
10.008938
9.522194
9.746151
9.124874
9.887180
12.322267
9.331843
9.264281
8.888272
9.492400
8.868086
13.013377
11.142824
8.925090
9.869381
9.286163
9.066430
9.333456
10.053786
9.768120
9.804921
9.824896
10.030350
9.256043
9.177758
9.715872
12.497882
9.472324
8.982905
9.093373
9.290222
9.521380
12.082844
9.862253
9.603930
10.266225
9.387038
9.457035
9.106057
9.846598
10.281509
9.743352
9.490021
9.554290
9.578787
9.319558
15.472697
15.965821
12.948880
9.775909
8.703617
9.068250
9.528312
10.145634
9.810830
9.005217
8.960959
8.611541
8.954929
8.975210
9.491651
10.511064
9.923554
10.437855
9.802902
12.034607
8.775907
9.838223
9.898208
10.052437
10.079238
9.468475
10.103715
10.463195
13.436349
19.363275
13.169038
8.879496
10.332851
9.958307
9.248599
9.092161
9.630844
9.059157
9.896671
9.095397
8.919223
9.572114
9.170024
8.873567
9.269056
9.612950
9.369939
9.776186
9.099191
9.659233
9.289618
8.696158
9.826271
9.528348
9.066070
9.449829
10.881155
8.618917
12.743656
11.149299
9.145180
9.392669
11.104159
10.818271
13.644245
9.837293
10.014243
11.013242
10.971864
11.981362
12.678058
12.291793
17.348698
15.043502
12.065953
12.541575
11.306366
12.783400
9.066901
8.889038
9.991960
9.187448
8.796127
9.066427
9.539385
9.363606
10.470543
8.638904
10.016763
9.061460
9.414557
8.962126
10.575197
9.737653
9.184796
9.708703
9.207750
9.376773
9.651865
8.799088
9.389942
11.033898
14.860517
8.973497
9.387190
9.944019
13.539296
8.934450
9.356266
9.441352
9.972264
9.122798
11.278612
9.179407
9.819794
8.818896
10.461660
12.721163
13.341185
9.886979
9.319632
13.095492
10.367026
9.113624
8.962723
9.030178
9.761933
9.109007
9.819753
9.493451
9.112566
8.709305
9.170361
10.395739
17.795955
9.769200
10.461195
10.149938
11.287130
9.606903
8.596822
8.807829
8.715659
9.047210
9.548592
10.015580
9.281099
8.690066
9.564344
8.585640
9.033066
8.936825
9.737442
9.467364
10.375818
9.838747
9.146765
9.438459
9.126705
9.272796
8.894871
9.001185
9.182000
9.066039
9.275679
10.969601
9.856308
9.121021
10.054623
9.774926
9.406995
9.288072
8.763756
9.846773
17.456888
10.547285
10.591197
9.763317
8.783030
10.313196
9.899822
8.780401
13.788436
8.931631
9.570813
10.062717
9.783982
15.136063
12.806371
9.083595
9.253879
9.103651
9.066840
9.295505
9.530722
11.538629
9.101720
14.166235
21.480154
22.905451
11.333865
11.367442
9.939894
9.493196
19.781086
9.238349
9.140672
10.270286
8.971786
9.675687
8.781113
8.816010
8.951681
9.498013
9.053979
9.804339
10.925863
9.450757
8.924460
10.234409
9.290835
9.220195
8.987922
9.010381
9.249318
9.207618
8.973415
13.884928
11.786320
15.166225
10.380905
8.678087
9.179367
9.192742
10.943649
9.744167
10.911922
8.994539
9.473696
8.904933
8.752126
9.068700
8.939073
8.974099
10.651334
8.650992
9.138011
9.111924
8.801489
9.200098
9.277190
8.782109
9.337675
11.837646
9.632152
9.707434
9.338106
8.859642
9.803170
9.752192
13.921245
8.464168
10.150767
9.784857
9.036076
9.328586
9.171505