305.243664
337.390136
238.595316
370.041924
385.147294
199.902456
284.862180
539.769980
287.087351
537.482741
458.545615
544.140683
526.733310
503.569131
697.238489
761.769962
675.703469
865.143708
870.905163
598.471750
830.486835
722.239672
867.006073
752.693964
1062.373002
672.887214
779.196222
642.273964
793.087553
781.408072
629.147112
632.314293
726.903186
504.552177
809.159023
976.634657
824.582894
969.363397
801.488730
856.191833
822.748534
825.616941
788.837529
891.814765
870.180074
783.611533
797.438506
1121.874066
1115.308213
1121.927683
1181.854823
1142.963366
1116.856695
1084.334671
1137.408087
1203.439831
1180.560562
1208.195774
1250.664429
1235.120883
1030.547819
899.052028
1097.212741
895.097831
1097.961480
584.175398
1099.290358
1208.742258
1101.776415
891.700603
1105.396148
887.665716
1175.914540
799.143871
1096.234393
711.597184
710.420598
1434.853328
788.259709
1196.970408
703.200353
700.693780
1181.071486
699.980410
1102.136312
1109.933628
693.905331
1182.455688
686.742093
615.010111
1113.329348
1476.816107
1100.193982
1095.471262
691.768455
1097.289355
1100.168273
697.947626
1173.498775
710.238514
1096.044697
1091.376946
1093.569832
1100.869430
1185.189983
897.374612
1191.602189
898.704015
1196.433765
906.258181
1095.440975
1099.744344
882.691641
1095.111772
1104.032961
881.356720
1097.098749
1110.320506
794.642071
1183.444453
801.950198
1180.108304
880.452450
891.207674
892.638851
889.323031
1185.446990
809.865547
1100.965316
818.510305
891.597547
1102.662078
1101.864929
901.779579
1100.832292
980.576857
1103.056528
915.265104
1084.554186
1000.772222
1080.608987
991.850347
1082.726861
913.558978
1018.202948
987.515366
1089.705744
988.237965
1089.761853
914.693253
1089.791053
1083.444184
915.218174
1017.083046
996.446074
1086.873048
996.023432
997.878140
982.558328
1003.405224
1005.932611
813.510192
1012.656116
804.206400
1079.042492
798.989630
804.697632
998.040543
1000.433810
1000.607576
905.328290
977.635359
909.528270
905.333361
1002.148371
1005.014277
985.235111
898.000734
899.572897
1018.867423
1000.722485
904.521838
916.429104
899.685831
895.485271
817.337544
895.022750
910.251779
902.543816
977.242010
898.664009
901.033227
903.444124
817.665745
988.175552
703.705015
714.735675
911.074107
788.805947
984.940906
711.125917
992.630915
786.715413
992.022200
793.869624
999.407154
721.903502
990.061048
794.632771
994.045751
802.364051
995.034476
797.170796
986.782364
799.848338
903.007568
913.747237
878.309392
906.450271
1090.444957
907.514704
979.097850
878.799580
986.186656
811.957102
996.930551
798.743475
1002.450974
803.953224
1013.593381
800.151120
1002.500502
889.631937
805.410569
871.540153
901.592472
805.285829
812.307698
867.810334
893.865561
888.023604
899.092591
892.418601
814.706572
901.722580
889.804964
893.362508
894.879399
887.001814
887.712208
902.453605
884.909999
906.788905
813.001954
977.504090
883.130067
903.109414
809.407755
977.598510
886.108788
803.149955
901.234824
698.317022
903.507223
780.804996
904.962655
711.632456
904.020920
718.124372
988.892729
793.364643
988.025269
922.354631
774.121129
1001.551936
716.603051
907.605271
712.362118
992.306587
713.100527
790.514552
1003.352393
1010.948803
725.931888
1080.609200
785.443861
999.283136
686.611804
998.052956
609.998353
919.082860
686.935212
986.462492
915.557727
683.709404
1001.232663
694.894493
1011.354804
704.142019
698.070846
701.287029
1092.667579
691.095998
698.095974
699.030278
702.978663
1013.089029
1087.575720
784.897922
996.338144
708.362356
1001.878058
716.711183
790.837077
715.831574
1017.261659
783.592199
1005.545840
798.904087
704.897022
783.186278
1085.434757
711.101195
1007.556803
787.360363
1005.233494
704.349252
1008.715994
1082.602063
706.936273
1021.184608
1099.800103
602.377134
1091.163247
594.975605
1094.712895
1175.045577
605.987230
1097.356692
685.676660
1179.450582
606.704910
1090.276631
616.920352
1101.009966
616.442289
1185.122176
696.710884
1114.350508
1181.750667
695.075816
1191.049476
693.812862
1210.613460
699.129824
1198.394127
1200.387295
1278.558345
700.731011
693.417766
1281.493408
697.697296
784.756551
1202.568584
710.008061
1198.175080
712.326164
783.095973
792.249307
1196.569343
783.275252
706.511950
792.773275
1100.074974
792.363061
797.844699
798.670469
1098.796487
788.187794
1107.899702
791.366497
1098.988511
790.227782
712.279651
1175.841514
1003.818055
710.850949
1085.555019
700.340678
1011.342768
709.984106
1086.400384
708.135988
987.498118
997.491968
786.479756
719.671151
1008.651924
791.856946
1092.109363
710.758882
779.564357
699.803162
1004.738921
691.477817
686.962930
1001.646090
682.201791
1004.814733
1070.635586
702.117913
697.933298
697.784767
987.574658
785.546728
999.975711
905.851815
797.412241
807.093590
808.353656
793.836467
807.446643
719.869970
790.525342
798.929678
795.080363
878.193453
789.813352
806.590850
717.714914
790.880866
806.460135
705.778691
794.152845
719.338526
897.740638
705.558803
901.524476
705.632866
818.977405
780.428200
888.394524
890.986937
708.422386
816.471607
786.258661
792.827728
799.800694
804.160681
718.717835
808.575575
890.757244
711.641307
810.669717
888.019073
792.863508
889.202215
791.500427
884.516428
893.613019
893.605465
802.782945
898.204000
878.005839
893.219855
708.852211
815.725397
801.377231
890.068541
813.588327
999.301640
688.149589
893.736439
698.275720
696.831304
908.238587
988.800882
916.552653
987.627549
771.755919
878.786428
687.659627
612.231498
818.772788
681.188156
612.302940
975.048316
300.895963
903.305577
692.101244
986.937418
705.274478
989.584104
681.311124
993.756996
602.608129
684.784582
995.493362
685.234089
691.193311
612.616747
998.217674
687.524295
1010.578852
1090.124513
774.991489
1104.526495
711.025126
1182.743111
772.568218
1114.835882
783.528390
1200.834067
710.632728
1090.811201
693.136162
696.314536
1085.358049
697.476814
1005.585635
706.579271
1077.528719
779.147673
691.367418
1006.820571
693.183931
1004.079739
692.283155
702.949091
1090.989284
700.642640
1011.299017
784.417173
703.228962
1089.224573
1092.188153
719.246960
781.146058
993.501101
975.570130
782.460978
896.567970
895.285632
702.844754
893.594832
701.477065
808.822151
814.734322
699.087878
891.506447
701.826033
703.407976
694.185313
1205.056628
969.172018
1300.301161
892.915374
703.418183
772.418863
901.585314
779.238182
905.730557
705.610394
701.566395
695.520203
704.387686
911.924481
697.705647
904.085253
975.266599
695.409924
907.885605
696.805109
992.035565
696.013982
994.275659
612.064267
1000.630170
690.540868
697.660798
1001.025117
617.111156
997.530628
1003.407311
1003.047891
696.603375
1085.930772
700.554375
1016.439306
702.571766
1100.195959
1179.691796
783.156410
711.800289
1179.120252
793.399657
1105.932225
711.392628
1106.194487
1100.475010
797.195696
805.010692
795.076375
715.882678
793.726683
1003.366186
707.820468
1081.863012
701.877551
1008.130786
707.293224
784.759167
1095.766522
696.548641
700.029387
1099.434127
1092.178701
1090.963835
713.279243
1094.741228
705.301132
1092.957991
774.952868
710.175508
1022.831244
790.678455
1093.791429
706.677163
1096.918423
690.870349
696.988600
1099.046854
693.984729
692.200569
911.277870
985.605792
693.953014
897.946783
682.262468
890.697503
611.574635
897.483689
684.643077
896.367922
974.142573
690.017532
910.609669
988.617834
690.099849
779.580529
991.865607
694.889491
992.079813
611.871709
993.923516
679.442168
993.817882
688.081292
913.566148
995.515890
706.198740
1001.470730
704.166007
1079.189912
702.580814
701.656974
1093.380451
707.758801
722.890779
784.390784
1100.632581
720.855849
784.897088
1085.394176
1015.179733
785.733175
1089.307971
1009.732040
708.414245
784.189727
1090.177033
708.216962
794.006204
1088.108048
795.423206
798.106152
1093.396134
884.199444
1094.276120
1176.343178
798.697786
1110.272159
1086.309908
806.354292
1017.278583
787.293110
1092.290827
708.079013
1096.379333
615.916290
1096.806422
700.878541
994.033436
999.274130
696.016095
1004.226563
698.121867
1007.416702
698.637678
703.882477
1003.519934
715.648891
1086.960082
1304.547425
1001.191103
801.178197
797.771260
1005.660222
787.811115
706.435338
904.784758
707.844651
910.444184
789.307985
972.060684
893.511132
706.580600
1079.121559
1000.554648
695.416978
888.075175
689.682216
896.912909
615.493776
890.830437
682.358138
895.084868
902.028644
605.706452
607.055878
902.553274
694.099925
992.795584
695.708108
995.888825
621.611297
703.600560
996.007147
693.468587
903.180814
703.428761
609.751553
680.161366
888.045137
605.348821
612.072335
890.775991
893.886729
693.521325
897.922150
694.677396
903.369137
906.215527
673.216645
988.265817
598.300853
913.356357
898.957913
588.929719
898.690734
598.300704
905.552835
593.302555
985.823968
600.213064
911.978885
592.199077
990.207110
596.345502
916.789869
598.596768
910.055782
687.052908
998.156541
611.668267
917.775267
517.312805
595.688141
680.948942
690.375625
1000.844624
696.910940
998.402568
697.459224
1005.963261
620.217310
1086.740250
607.296946
1092.247020
1000.324045
688.890253
609.173417
1010.792805
1087.918647
1087.479024
1013.737760
600.012863
995.492684
609.458255
1003.887229
674.825716
1080.605141
893.789188
694.428362
1002.711643
691.430690
698.813878
704.838689
998.547412
779.305827
990.374617
707.357161
914.480054
698.560920
994.912001
706.447663
695.693504
901.468331
690.892920
986.651510
696.397189
987.801244
694.993018
913.192044
621.130633
980.885879
987.894036
695.565747
699.681011
992.592351
703.563885
995.083803
701.304718
994.007516
780.929358
989.289564
702.279785
984.120730
789.197565
898.446818
710.031376
790.185868
791.390789
714.068525
785.723414
794.124225
793.085538
793.991177
794.241635
712.043647
712.033227
787.322569
791.588089
788.278720
803.062928
705.252502
697.698158
879.228240
704.453667
813.843610
892.011585
705.630011
703.318051
902.552887
894.904171
613.460294
690.705639
902.230971
682.447664
897.339126
686.384425
611.856001
986.106997
688.685755
990.077366
612.428230
914.501221
692.172707
987.918098
690.970599
604.278373
995.452185
690.064768
615.482538
998.666342
687.366802
913.418272
607.206090
987.586025
687.946544
986.166425
916.287913
606.283117
912.431755
599.537493
989.689884
989.294868
600.407408
998.057743
605.875128
690.664498
999.560150
606.815126
689.908076
1001.662817
691.689295
1005.220545
694.264976
999.687290
617.895731
1072.764754
302.135991
709.051525
920.367830
986.258526
708.002329
914.220152
710.012232
790.534804
906.753469
791.684151
911.103942
794.315024
384.288293
795.125581
908.287683
990.872904
707.386350
993.948741
716.241427
701.026374
700.095002
981.488367
891.269656
784.756088
710.836363
976.569405
904.749060
714.040907
895.258386
707.203540
811.041505
718.195992
797.105229
899.936649
797.177585
888.589959
813.024929
889.230526
793.430235
790.005031
1384.770571
788.317105
989.124916
1397.812665
988.409106
791.800209
912.374309
700.267640
984.050764
909.491005
705.516368
697.956695
707.425095
905.947945
992.812226
700.392381
903.825612
699.275363
982.845320
780.209125
989.285333
703.274182
775.630223
982.218473
699.108657
920.820378
775.256880
988.222482
785.334919
982.325952
790.684133
196.037804
786.060491
799.450992
908.393055
877.697613
994.979991
809.397579
1004.524987
993.434029
810.753864
1002.216475
896.921734
898.009995
1002.840163
900.332500
891.994350
910.500923
806.869000
876.969531
986.398815
788.699919
984.750278
794.669047
984.379220
796.185624
907.129595
798.006435
900.782340
714.399778
796.768095
909.511424
800.343253
800.867146
877.466453
990.204045
805.400901
990.710097
888.496664
986.636409
898.168536
814.538669
887.589026
901.617121
813.472883
894.414117
901.326269
893.964050
596.469425
905.007291
904.589412
904.246023
981.045774
899.886189
896.172679
990.709490
986.208574
803.894069
915.875087
885.366182
906.365065
807.405739
898.159868
710.681520
807.064709
792.935375
886.006251
783.371164
793.632036
795.229774
783.771896
794.399189
706.558505
717.093485
702.611923
794.300623
803.909724
784.461765
791.315516
715.910991
791.329337
801.290144
799.978282
801.680809
790.391798
804.478910
792.589602
818.656709
791.437179
894.582859
896.749350
616.382016
692.300534
895.541683
612.403904
684.685084
906.597537
689.635937
983.950197
693.116950
900.243218
684.763770
685.836325
906.518396
611.337479
990.203917
684.809612
610.167540
898.271925
685.839907
898.278232
902.278285
896.416233
698.483044
900.972556
706.890371
895.722160
707.337865
824.744228
788.562647
880.791600
810.198292
881.581386
797.865867
797.814135
884.028396
798.352709
810.928599
718.185044
812.664384
800.320053
801.428350
811.238924
880.512128
789.491237
800.112789
494.811421
803.942705
881.210612
803.250584
883.165673
805.551044
801.166745
794.426948
800.549541
796.784487
785.580135
787.495104
712.442434
713.294047
780.225506
695.399675
801.200084
695.446297
797.214980
695.691266
618.016644
889.144433
695.563051
888.602292
811.387587
791.858078
891.363990
791.069493
794.123637
616.575414
719.137590
694.647632
802.194497
805.223073
704.320553
893.130847
775.815589
881.065091
705.845348
802.356565
705.127184
689.327233
881.790351
794.021811
802.727056
703.316452
800.227149
784.146417
704.352435
715.120783
706.423434
790.188731
689.480386
809.101544
632.184829
878.504982
700.419083
785.884866
892.163590
897.477719
791.379682
796.175522
794.670271
790.271277
795.608973
791.008432
875.928648
702.708451
807.260004
712.279685
892.258816
782.175423
693.457013
617.666660
886.169786
598.391681
884.465807
818.071990
584.720267
511.681115
899.312735
579.620125
899.864264
504.284815
508.616316
905.239067
797.810593
577.884856
903.706061
503.271892
504.077757
805.370669
510.994839
799.460978
902.222370
1285.631892
798.578627
697.018930
795.942891
801.417787
616.457580
804.304296
611.646601
819.041651
694.472002
898.164816
671.970497
906.063450
615.256701
978.479596
908.791818
694.425728
696.435754
1609.858737
700.930350
1085.198345
704.852276
1010.300329
1086.845568
1073.173583
1093.367419
792.734043
803.341775
1095.109678
795.613978
1006.527334
792.383300
1008.614803
717.757192
802.822881
796.585137
923.147888
992.823468
785.086573
907.410697
780.084865
912.935474
708.312586
993.580850
799.165139
1006.509683
800.794118
801.193287
1007.342493
801.356463
1084.344490
905.489313
1098.171706
893.082251
896.112237
1088.664802
996.702760
899.370580
985.416181
891.072353
994.182193
916.183645
901.224427
994.677497
899.609655
790.344155
987.801078
777.890955
995.689621
1001.067440
779.267588
1077.753615
697.922128
1084.396576
701.114587
1006.914181
710.358522
1082.959476
699.356062
1007.217830
707.206043
996.587574
701.030705
999.823844
699.467992
991.970212
701.668616
1000.244459
710.786912
781.401360
704.433120
773.357436
997.050019
994.788674
707.680929
998.356984
985.877198
782.531995
983.702858
905.097451
708.225945
905.958646
909.754956
803.356346
989.623097
803.179426
922.913153
985.613654
303.856520
911.213867
805.925196
992.694609
818.153483
996.648469
883.255196
995.058651
892.866949
995.758102
1007.169334
871.821084
993.603149
798.595284
881.934172
1001.209779
798.541542
1009.418555
795.114481
710.725918
1010.857134
804.722367
799.988257
1005.417071
804.768125
889.415339
1096.994163
898.086857
1081.231062
900.069432
1014.372596
993.699274
977.513620
901.400221
906.787498
893.198111
898.761841
895.040399
903.919714
979.533954
994.957277
909.997137
834.145796
993.546420
885.674367
915.506254
816.696172
988.534073
991.692994
884.898095
911.083089
891.887470
996.883061
883.827737
999.511018
818.654196
986.143821
898.330096
888.545069
895.352187
881.331996
809.352988
986.463873
811.693390
908.643434
812.375141
982.318288
892.477007
909.643083
811.332947
799.907524
799.181830
993.841096
795.406097
997.501650
793.883386
995.013454
994.152814
989.504512
396.390868
894.764315
915.822609
891.714164
901.857606
906.365841
975.290488
893.771486
893.753472
814.061944
899.539441
888.316562
895.109682
810.238798
820.584168
880.637661
895.783774
686.733111
685.022496
702.769765
806.806359
708.618400
872.901025
1004.011036
799.949536
1005.876229
882.798628
486.838888
808.987601
798.330704
795.019570
807.546288
796.162470
882.799351
778.841126
804.019060
707.697427
806.662073
696.175610
689.929336
606.591957
1486.024309
691.050417
902.909623
692.331553
691.830873
897.263835
692.374051
881.174524
800.375625
601.488594
676.972558
877.871006
599.045621
813.780044
593.088524
602.986280
677.103624
887.741236
813.843866
889.371493
816.813152
514.075158
881.556929
501.706090
805.519170
510.353188
587.255497
584.739976
804.018971
508.515324
882.319602
809.736275
594.457109
598.191940
887.999684
603.202824
898.722294
680.165417
889.368309
598.235868
813.388737
595.943520
891.685622
590.663192
722.691753
596.817266
508.402610
801.549885
589.435921
801.138524
591.737951
588.762879
812.075888
595.482527
521.004281
795.034579
599.009443
896.995557
603.295233
900.363596
885.195842
595.058041
807.077294
886.011168
605.336300
883.893378
692.747242
814.648406
619.204804
896.086680
703.673025
900.188589
690.950222
817.505709
625.225115
888.963208
698.788311
697.334582
894.671682
616.691168
698.405644
698.228403
811.577376
884.704447
688.416543
890.882800
619.450243
890.218515
809.613494
694.872277
699.732076
897.047100
697.400204
899.178374
618.045361
885.011861
695.228630
807.373937
697.545134
800.623082
805.544563
688.334916
804.010576
807.030976
705.883060
822.809838
695.393007
616.334581
820.011024
682.050653
884.041888
613.138345
815.392876
892.799078
686.185687
891.571643
689.860626
980.547794
693.933015
685.057924
600.755055
906.954527
605.152069
595.765084
989.931323
505.816361
581.604439
995.800572
507.537407
989.303952
594.618453
985.040150
899.529673
980.462509
605.012563
979.266539
922.919942
697.387226
978.811285
987.470645
706.500204
920.033897
787.791411
887.998142
792.604755
896.851743
708.572525
798.927820
785.084261
804.776066
793.766616
799.467971
798.046751
795.759958
798.987999
786.327890
802.947563
785.569681
808.267765
705.506492
882.864475
783.497887
812.802928
793.416570
787.241288
789.752046
702.713799
803.268169
694.835087
799.067515
783.904367
800.903238
707.250344
809.821501
723.935234
788.896406
702.800552
797.640654
706.881470
797.686056
704.486402
783.823682
705.724478
804.318540
617.546935
690.947808
804.727546
802.622293
704.608903
817.427878
792.555989
787.896912
808.231740
713.662237
877.467610
806.235390
287.392292
799.705250
974.358832
911.720213
888.297644
893.620975
1000.382486
906.067831
1011.104137
980.754403
1007.227582
911.045042
1027.044542
1088.193605
1091.084052
1005.084921
987.683638
1015.413904
1004.503038
1094.198700
1100.895178
1010.265352
1079.198746
1091.406762
1005.622709
1006.981360
911.498348
1081.453420
978.971682
1012.296346
905.340172
1093.323432
977.261141
892.224790
1091.684827
894.748567
900.952092
1014.026592
987.260254
1108.848241
908.037099
1193.519639
904.599862
903.997215
1186.247866
815.204168
1195.668618
801.806329
1111.537718
795.573089
799.836585
1101.457394
1183.564388
904.063640
1113.228508
808.821283
1281.688247
796.742985
1108.058908
1181.604473
798.640543
701.870486
702.107436
714.461145
1172.288261
700.595789
1100.978542
709.894766
690.605941
1089.534484
688.159007
982.671715
688.736690
990.063367
602.433254
977.806866
602.413175
977.486368
605.268718
912.884666
681.100819
990.407614
694.724234
694.198797
624.868302
993.251059
1004.865341
704.033924
1083.259986
703.255395
1012.394104
697.154834
617.956397
1084.903836
602.276487
1003.113997
604.178419
1002.799922
685.706703
1003.052632
601.603577
603.450267
1000.570272
998.749159
691.136785
982.815192
691.041871
996.569949
1002.261301
704.369706
998.997755
786.722141
1006.508692
1004.381205
704.730293
992.334410
706.711176
797.312765
999.009829
1006.791408
806.453901
1085.601205
882.607318
813.998829
1013.788084
797.333127
910.703683
993.361211
805.631282
996.791401
884.778215
886.208082
1005.352137
811.215193
998.783939
1000.549295
921.254757
801.560507
1005.534934
785.618080
1008.322805
809.022563
1000.091343
718.226384
1081.444735
798.904949
1003.749219
796.028983
875.003671
1093.299193
798.618144
1002.364541
799.266387
798.210913
1084.759544
800.502989
999.321703
797.488011
1000.502611
802.459942
1001.287120
715.728078
1078.713131
784.299811
1001.432186
703.352095
781.740944
700.674429
993.695218
704.241860
997.424256
692.132125
997.948845
687.228113
985.523668
910.746983
692.462173
692.271506
603.488526
602.717347
919.727062
681.632626
614.882109
902.234014
885.872520
814.634556
613.165859
683.944228
681.552776
883.579049
612.710045
809.443352
612.109090
801.456895
604.612241
802.273599
605.202642
807.364755
676.923553
595.813696
676.894982
880.627987
598.152927
412.594720
888.442510
597.743246
510.385053
814.552692
579.979367
803.942549
509.373388
817.918141
592.591352
893.061283
513.838615
825.552405
592.779140
897.696318
516.364088
984.649341
595.948620
990.530601
509.424424
908.352784
596.924230
987.049699
596.968177
908.540497
519.642997
981.334557
907.457790
909.313731
597.158682
598.989524
988.033860
992.646151
679.989374
592.314880
603.367774
992.069042
990.064387
609.720238
906.180999
611.886872
996.464212
997.555594
688.828787
612.305357
981.235651
690.569429
982.953460
696.699896
913.206703
696.405441
697.417972
905.571275
621.748652
986.219938
990.128358
611.381318
993.656346
695.914528
988.856494
692.285083
618.778073
681.515574
690.289163
606.973843
997.265442
593.614728
1004.008236
598.997159
1008.219655
597.768747
980.785394
605.713869
914.747123
684.578960
899.996129
606.331444
897.736152
608.552676
971.458454
682.710269
908.061905
891.696519
890.910771
894.938632
892.997039
607.691192
899.262992
603.334570
901.169595
590.808856
899.753249
599.673510
911.021955
616.314962
900.383969
901.535410
592.175804
903.702580
595.420920
604.945992
985.967577
603.316599
620.361175
692.023796
991.849092
700.536214
779.829560
984.859960
710.402641
907.429668
712.082448
790.592778
785.997156
714.561269
704.657265
797.290220
707.846856
810.533461
694.499484
803.561335
803.916778
619.907927
878.699228
686.636903
698.608701
895.469960
682.614702
896.957100
613.691196
895.842987
692.534218
896.237481
697.377691
627.151637
982.863182
713.030106
924.866199
997.062965
929.223822
701.954716
985.630613
908.519897
899.411978
803.490335
902.098450
800.884779
896.326071
191.654548
809.874887
798.194485
888.253463
788.357899
891.876713
708.584554
817.478119
779.392431
877.360879
697.444420
703.438852
901.309333
615.243413
908.885592
695.432966
602.884581
904.791024
679.094518
901.190047
600.703340
976.637123
598.787129
592.116183
598.757724
908.893790
989.729706
589.686597
606.581036
511.520064
597.449319
1099.890573
599.826452
1006.362617
599.116145
1079.036499
605.783112
996.947629
612.348410
1000.248333
687.916152
1003.368367
684.056715
999.777163
618.008612
1078.476781
592.353952
986.695320
670.403867
898.069807
607.387233
798.874811
614.349816
870.420186
601.353889
777.643390
684.999024
613.504645
704.412900
688.993378
712.365955
616.393528
789.631727
697.630311
787.753020
695.817859
711.148200
696.286040
787.781481
712.353573
702.100562
688.444499
688.026789
710.295599
698.758745
702.877521
609.669142
689.825647
791.938972
609.285405
794.664687
691.507560
797.957239
690.696770
685.247378
697.395002
805.172233
699.014432
720.480138
698.901833
795.329646
703.127506
705.100080
794.229124
791.881558
714.468078
787.154498
792.704925
704.537702
790.186204
707.527354
801.141584
703.235445
784.476145
709.406283
697.077183
694.577592
895.342122
992.174120
801.025551
698.410413
799.741869
618.457574
799.974541
885.831418
710.773153
815.716367
780.726777
695.258905
782.186968
879.100574
697.158171
807.662740
705.869038
694.734482
805.732724
815.518845
782.597282
883.952742
707.367862
815.907908
595.397852
602.419522
676.978324
899.925455
611.142589
524.590040
990.519738
990.415806
990.227264
600.282979
995.591982
596.097121
597.757887
989.435509
594.261310
593.354858
900.624730
1273.937846
591.302517
518.046241
804.005938
879.644677
595.485302
807.227244
506.350129
584.745126
803.718515
513.913424
807.973775
810.905493
606.361197
1318.574297
598.165684
898.087796
591.173388
898.294543
681.385325
986.023894
602.132759
915.240171
687.985904
687.142756
900.720579
615.013512
903.261456
910.253666
624.596814
990.126709
701.341537
705.236977
786.813247
898.916245
709.212849
799.036249
782.404983
804.615138
712.547894
786.889893
803.459581
811.955872
715.657979
787.948267
707.123081
710.765531
787.949136
781.847102
714.268486
790.154025
710.186832
701.084167
795.141637
800.477964
724.446769
720.539853
797.317820
790.453159
800.648020
715.623746
800.719630
782.566019
706.283059
713.842552
694.680752
883.770623
800.281373
800.667422
675.720489
796.081494
790.066338
704.767391
703.002146
797.074658
702.479015
792.721782
701.787487
788.744949
703.200316
698.160007
784.682968
692.462111
708.343030
697.653449
793.436732
702.514398
687.110765
684.749211
782.568942
709.837175
601.957742
714.554410
678.652932
699.979481
1429.812152
694.062186
610.318816
810.949433
795.158005
793.331034
681.589223
798.864390
607.987392
799.301222
689.216941
615.145405
676.806490
799.767512
616.450077
799.464906
692.655534
609.614601
675.427602
804.581889
608.794018
719.453588
694.035152
608.145929
796.164031
693.969919
786.672636
787.984747
696.807995
786.979726
697.203885
708.739113
696.045334
701.526884
701.242631
685.824503
702.090328
501.572417
787.210179
708.080825
777.348374
790.389700
706.708344
700.572694
712.980463
611.786086
789.497987
715.601035
718.320211
786.768379
587.866754
721.388449
599.966271
800.588272
802.952320
581.117579
800.767014
809.266002
607.527574
888.864934
688.431547
892.807036
611.127237
686.570826
876.333624
808.368420
689.981981
689.032007
774.763802
806.359711
705.956648
800.176238
697.868778
817.523199
696.569241
903.470485
698.901389
780.400478
972.992607
920.050228
801.757857
995.418502
802.413032
994.614056
714.944961
918.426296
797.703521
988.404072
812.565958
923.956677
798.193709
998.263865
803.718879
884.806874
1083.048607
998.171054
797.059644
722.915896
1078.483419
804.196990
991.791200
803.946331
996.792875
797.002579
793.707511
986.828450
791.197007
988.348380
711.210730
996.849379
790.887758
984.502368
802.244181
998.705939
804.364580
997.534517
885.473917
980.118810
907.265861
810.573841
815.732457
718.654573
897.657795
901.292401
716.767468
900.909745
708.721898
898.063035
905.739394
603.773273
899.399568
599.026270
894.439137
515.991106
598.528572
496.892909
495.617655
982.356061
489.056167
904.159355
490.489532
904.014314
486.547663
900.605056
486.136396
494.544164
416.748653
892.187365
883.592566
494.321269
809.160063
493.559534
879.645211
496.329815
806.712602
496.931595
797.801232
498.637197
801.042923
507.070333
420.194485
798.435317
485.456117
795.302782
401.401723
720.446649
480.518465
794.865787
483.600446
793.279481
408.564628
718.215701
493.394304
792.574473
495.033813
797.613568
495.834082
721.731276
584.046120
794.510289
513.216453
791.653262
790.670618
584.869831
792.593169
790.146389
793.983636
601.336317
793.929316
604.532735
787.944778
790.711067
613.073674
795.691056
804.112788
607.486537
790.304975
714.874695
603.509145
799.062891
604.401130
804.357473
609.976831
691.465426
815.083807
776.914732
894.510260
701.501607
894.531344
703.024126
709.297789
692.029948
901.814201
611.135089
903.588612
683.678558
909.171662
915.169578
992.790289
611.900831
997.440837
694.021015
1005.552234
692.607541
1007.217851
621.342586
694.444355
1088.435601
701.537961
778.561962
1092.744070
1103.250946
1183.976755
1108.486062
717.794388
1186.205391
789.518499
1104.895717
788.169402
1109.079427
716.634812
1179.728902
1106.868716
1181.970426
699.072628
1107.827490
697.692975
1112.774059
686.157562
1100.978751
677.468168
1098.732809
501.285778
1099.469777
502.235092
1174.885950
1101.064006
505.801184
1183.627913
1191.242857
497.043645
491.980651
1192.847579
406.710979
1195.916196
482.610499
1197.221665
914.936705
1196.857640
499.904324
1189.978351
495.541493
1183.365216
1193.628898
1105.933834
1310.047496
1180.804738
586.015265
1006.339079
509.138592
1008.162139
1079.816677
591.078935
1005.949686
585.422879
1079.443392
493.910575
1092.555516
415.951937
1012.165797
1091.250792
1092.467557
1100.103960
493.967119
1011.180735
993.967649
499.602483
908.844718
503.091524
914.058212
507.417357
997.733218
498.635473
1000.504761
507.669643
1009.299052
502.948635
505.623299
499.893509
899.473908
900.906207
590.199583
975.092453
984.545530
595.489019
907.771037
503.758534
905.002542
504.289166
982.855197
503.032025
503.210630
902.634673
1992.133921
506.878828
1798.433351
497.520515
990.316609
497.933747
903.481385
499.813369
985.960466
497.808340
909.801290
908.460206
902.693119
907.053898
416.284878
488.590344
904.693600
411.847303
983.645458
990.617933
919.664684
494.213567
995.788170
496.098135
500.629601
1003.736959
509.251456
1010.908534
585.386622
1010.541239
1088.864276
598.290763
1092.237730
597.687859
1091.071173
597.122095
506.104950
1095.987229
576.520050
1000.212997
505.572977
1002.659655
1000.154527
503.947722
990.072439
516.608968
917.189572
594.168873
976.198879
591.552945
910.723378
592.623817
993.089926
601.027965
918.907681
590.392503
513.944165
917.409079
593.491312
599.453368
907.622818
528.277169
983.079270
592.586768
910.203793
593.069822
975.159711
593.528579
600.509590
912.224923
505.351953
986.320866
907.253403
590.170243
985.565935
509.917541
914.232924
512.254095
586.174784
495.506740
900.484322
894.844047
902.310968
587.564636
984.928009
506.848007
986.905167
992.442472
504.142408
502.864305
505.491158
1008.758612
1084.018351
1102.652514
684.315806
694.181808
1111.736162
701.490475
1178.596652
703.897770
1106.784270
706.687173
1188.190645
1197.807759
1194.473853
791.668727
1116.952485
800.402902
1201.122976
799.440427
1116.146112
803.254093
1187.273663
1110.247987
805.885793
1182.319325
867.085341
1106.008364
807.896734
1104.802479
807.776839
1179.995600
807.047448
1109.637658
883.348918
893.012972
1097.918269
894.643947
1097.438986
1093.802617
888.978764
1020.241396
799.337017
1004.932464
1000.243410
803.805153
1001.969549
1009.143897
808.781507
1094.501007
1094.755415
1092.748009
800.023569
1095.586902
998.764839
383.198137
1096.850326
904.937524
813.179526
893.263048
996.909500
603.818534
993.698868
603.861763
989.667441
678.131455
902.095777
913.638975
687.622469
604.518602
1407.421070
682.914147
1002.083794
699.767554
1007.091231
993.444892
697.974454
911.989695
689.514837
781.437821
704.105259
888.932328
783.719105
802.538643
707.879880
801.182380
709.801236
806.327525
808.831270
887.423065
777.572768
894.463405
901.450732
788.808452
904.347141
94.796674
816.543224
711.163155
891.387375
798.192864
899.590601
908.947462
706.272432
781.131722
981.005143
699.097877
990.127134
688.424855
1001.976295
711.694753
997.027887
779.252448
996.903391
694.518700
989.908271
702.500096
686.841504
998.903248
909.355899
616.737222
994.401041
692.627265
614.293488
677.088345
597.059592
902.891992
514.844826
602.208327
900.652821
677.968599
898.972636
604.170748
898.117559
612.613111
901.526246
687.531310
686.012921
983.102825
609.366572
891.925672
608.433436
887.585217
685.241754
812.601046
615.873905
600.541950
808.169318
601.370058
813.237084
888.162582
602.191570
603.170715
882.755573
590.514032
817.161973
599.363028
513.949969
811.261537
503.640532
891.427366
493.863091
893.474851
423.052744
976.874468
498.221299
899.339153
496.889880
890.657116
501.726104
900.637380
427.694266
898.332457
895.883253
980.529195
494.583702
897.091161
499.108721
902.838750
497.299232
903.617025
505.046911
497.428551
818.311002
500.461874
893.746168
502.321919
888.965840
893.502121
579.968692
506.126469
899.813497
500.718299
894.202096
518.626962
811.719012
588.811088
805.056425
510.933972
803.249937
515.453679
590.770997
805.190376
507.036522
501.514326
511.925194
893.470587
503.791064
890.919687
515.531336
798.985467
806.270491
875.311443
596.198023
884.476719
507.915890
801.379397
508.365485
584.326719
792.148599
510.672850
509.476967
803.474808
570.960756
886.016923
507.727474
806.793295
884.294688
107.002614
806.367826
803.273500
585.468394
809.091412
514.907289
812.243137
590.714663
888.799574
802.349043
588.923910
808.601472
822.847635
612.029084
600.244585
606.670836
817.342457
884.580298
889.267524
596.147926
579.964288
803.469454
586.386933
808.251731
597.524702
807.361081
598.007922
806.744373
800.898878
487.953528
491.510725
881.742859
498.543591
816.429079
578.297456
888.997528
886.194453
813.774053
588.840357
895.540409
514.091907
896.949019
597.870874
903.043302
601.970290
693.413738
994.810511
687.875392
988.080414
594.755310
516.853464
893.421438
593.609061
888.681070
600.137661
900.792848
602.869663
899.840032
690.448337
595.314934
605.024253
603.496569
991.065232
999.122804
599.628932
910.820137
670.024666
984.865423
609.741396
679.570332
1010.571863
1074.657407
686.558754
1003.184609
604.920317
601.038682
1090.441102
502.217883
1005.056854
496.215484
1067.343837
485.569351
295.929970
416.253516
501.079331
1086.129477
1012.656195
493.178009
1089.861609
491.103244
1006.205737
417.406738
1090.728695
1084.075509
498.368949
1006.041753
1094.145044
1085.515915
488.562925
1098.330748
500.455401
1098.581713
501.478777
1096.117506
492.300199
1088.101451
486.943217
1090.446535
1093.709999
999.792874
414.131047
987.033783
493.823007
911.488048
415.614200
920.311957
404.437319
1016.005215
999.783804
413.046179
1013.504971
484.589575
1091.811807
416.995688
1094.281523
494.466089
500.320860
1099.387703
500.319477
1096.808788
496.610199
499.569123
506.625909
1089.168803
586.961613
1096.957484
510.134680
1019.767382
592.467936
1087.068603
506.986415
510.923417
997.091969
582.380142
1001.057095
584.366710
1609.893008
510.034336
1093.924318
1093.919195
1019.311782
577.591403
509.727783
590.119017
1089.528068
1025.225605
597.864113
1094.166954
598.130072
1017.272615
1095.030882
585.990336
1092.657837
513.811774
1097.978144
588.473924
592.511353
510.798029
1021.206762
1104.102461
1010.922807
583.392091
507.079895
1011.390699
1086.322043
399.493989
475.354723
1098.757427
408.501908
1090.221414
494.528907
1090.556232
1088.056797
488.958477
1069.066481
488.536652
1001.543497
415.719722
991.195007
497.096912
994.589508
996.613926
912.035906
582.964420
987.928730
499.631248
906.634983
985.881931
509.365032
893.734736
512.019595
905.302688
411.893653
908.948292
980.691951
900.188571
385.566836
397.929328
907.273861
402.296284
994.699063
491.414525
495.361680
496.798458
511.480542
496.990460
1089.880454
1014.810480
215.904284
503.465928
1102.754662
506.292426
1197.115688
1194.555933
594.532412
1115.584010
683.996482
1192.060379
1089.605879
509.870365
1015.088176
500.297323
1004.691382
509.178226
1004.734526
1004.086829
1085.497794
593.993229
1000.078260
520.463910
595.269468
904.398681
596.903211
582.395057
909.720374
506.852980
914.045410
579.023352
997.395870
503.506742
500.346360
494.042977
902.700961
408.952356
906.041984
411.980743
979.119942
405.196331
905.365144
407.948209
916.543711
491.523462
989.890287
414.868420
915.678716
501.507447
996.299021
1000.748761
995.263760
423.614244
504.570355
598.251305
1102.051565
1183.622777
609.168339
1201.412604
700.156523
18.870604
692.832756
1102.445302
617.795086
692.759090
1190.880623
700.884614
1186.931442
701.814841
694.051807
1190.184231
690.301858
685.596518
1196.469720
1105.905947
708.465485
1197.354077
707.572060
1197.354736
788.630420
1200.052031
699.824588
698.536136
1103.652678
701.383005
1193.573906
711.678829
1200.059823
786.112924
1193.672831
1188.340992
1098.318534
794.629535
1107.151033
1093.434370
787.473907
1089.940987
712.272460
1390.500994
792.528745
702.914735
790.801553
1088.450604
683.600426
1015.805677
605.624277
1093.332953
586.812330
1101.794554
516.100544
1100.022509
1001.376935
594.019833
1184.847896
993.443701
992.929249
500.933614
888.323275
496.164000
499.552458
791.526216
506.006460
577.616274
785.925261
501.985107
513.162409
1814.924020
584.455713
809.497772
509.714293
891.336658
505.246801
894.552002
983.499146
593.488460
532.701891
603.665573
897.183322
520.692557
906.438595
587.252142
512.852601
900.659879
594.478960
906.522538
599.463784
894.429307
600.501837
683.717494
987.036060
606.597678
994.056434
604.415882
994.820356
994.428298
612.191200
919.079698
999.448389
683.183890
990.703642
607.855518
680.524286
996.570512
594.830761
996.813795
603.350745
927.433224
998.233306
610.231048
913.957829
682.325625
987.136028
596.600433
912.406028
988.565600
599.210040
986.246356
605.094446
904.303724
597.482304
596.499940
988.863472
579.914015
998.673280
501.540782
500.520731
992.278676
920.707470
564.587913
509.866813
1012.563584
575.012746
1078.889895
504.791173
1006.924661
1084.801486
498.910811
1083.715917
1014.643438
501.155077
580.810477
508.928967
500.759602
1010.508218
583.938330
517.364256
1096.985366
1092.534041
676.655687
602.918292
1092.060019
684.193742
1095.704758
605.817907
1007.190591
610.783909
684.769188
1007.328483
1007.462222
608.769367
1082.461240
683.433612
996.648245
609.748800
692.910018
1082.386371
608.237284
1008.776377
619.276413
1086.097789
691.985776
1010.274388
679.294611
1096.611414
1169.158582
1114.083812
695.706053
1095.556797
1111.794483
697.199470
1096.763887
624.790979
1097.290779
1104.527133
616.636791
694.560254
1105.906264
705.551641
1103.149749
704.121544
1102.400558
782.481974
1104.727182
1176.786108
1089.290389
1094.076387
716.724549
1100.628378
711.452406
1016.709110
128.383988
1093.035747
702.898000
1089.964180
1017.189528
689.183906
1084.634031
691.786752
991.339841
699.862700
985.568579
699.996742
985.121904
698.422194
914.290472
694.859199
901.512573
904.438001
693.529461
982.866071
614.877895
908.441517
987.588403
698.923528
992.697117
609.281450
997.003554
996.409005
610.671227
1003.794688
995.680116
994.881377
1075.995398
689.681334
997.343778
610.856475
515.551008
1000.172611
590.750883
597.666655
968.003575
905.150127
968.162170
899.463983
107.677519
614.751708
982.495944
694.211997
896.138163
704.930655
901.065625
979.335136
702.455351
704.435743
985.568963
687.786288
894.311528
679.614990
685.972060
685.799305
897.014730
605.984014
692.018403
978.015940
907.481379
905.269007
688.043736
911.260253
696.894575
994.576900
700.878189
620.364626
997.969670
688.889320
907.509599
611.543703
911.829169
593.214384
598.599218
904.242951
600.776127
898.549959
588.168583
892.950119
600.187494
891.161542
599.195380
900.181389
600.580691
900.037372
608.624811
898.037148
609.141168
908.600087
617.339527
915.345231
603.414920
602.269942
812.554673
886.112461
597.915662
809.130586
606.801204
678.330644
891.509312
600.769313
612.264260
299.504551
904.155982
713.641058
708.105777
617.291317
816.964823
696.399864
900.507798
709.311776
903.685534
983.749793
687.420434
920.797992
906.036029
693.884612
913.088857
395.436165
994.298925
712.125104
915.607980
1005.184411
705.482091
1074.083063
790.492668
1017.201482
721.071928
1000.035813
1001.957172
806.701656
1075.873373
797.819015
1007.490427
702.190935
1008.765102
782.540545
1084.907965
994.546220
706.958293
987.612870
778.392504
704.824749
998.246895
695.785258
1003.682480
1009.121794
695.884978
1005.549750
1011.183011
689.738378
1086.210307
699.629116
1076.423662
685.145134
988.444938
993.936648
695.694777
993.364860
991.615628
999.222643
1001.227586
988.580646
705.622743
1376.146330
892.144208
702.037033
890.756645
781.152084
882.470921
705.715362
812.421841
700.443749
684.103975
596.896793
809.088421
611.820234
603.737361
605.029743
605.525445
903.209121
608.321232
910.797495
601.456920
894.010526
889.519250
599.115781
809.669931
591.173586
789.004341
592.048469
794.919933
516.944308
504.407211
790.919096
802.727078
585.932434
814.792437
517.696120
602.473355
892.583191
896.509790
606.833036
898.392735
683.955906
984.382180
910.155259
601.026993
906.055975
897.598269
683.890568
896.990045
609.643380
898.920022
690.373817
908.594880
782.724777
999.261106
690.992034
920.237155
680.733470
997.168069
606.388132
911.434550
689.412686
907.148339
909.714887
899.496088
787.891717
900.651584
612.579739
896.887698
893.848089
593.097073
817.621907
604.182859
893.470922
885.571418
681.853220
885.010536
609.276141
683.884981
609.297079
803.984225
603.566951
875.697097
682.920053
802.546599
807.200306
881.778726
607.714320
688.759978
1392.680740
682.507225
903.879281
909.376216
698.036758
902.336857
606.026806
902.711143
604.087958
897.917072
607.993415
886.075392
605.711392
608.545197
818.005228
598.718852
890.118365
601.009579
811.503680
603.365866
598.778757
889.742690
610.077101
900.296904
590.829589
812.815939
517.145923
86.425009
575.984798
895.300800
510.056984
577.118792
885.151204
887.358148
505.185311
896.364547
903.472933
503.320749
984.052421
502.176660
906.219574
499.966028
910.311303
514.218770
986.806177
582.695572
910.482612
517.239047
989.444029
603.059558
1011.335753
606.064919
1006.312133
687.445928
1005.441372
1011.635694
623.985557
1090.242047
693.492476
709.453281
502.901724
695.961616
1003.943956
704.503280
1077.108392
709.500770
921.369764
694.867350
980.858793
697.419940
905.984630
694.473881
982.029480
696.052307
897.323184
900.290779
706.546952
894.708842
896.399050
803.892817
698.335812
802.516803
703.784129
806.909616
708.389765
878.885016
706.823502
792.791597
715.151512
793.933817
785.033583
721.214478
781.115738
804.659531
714.742829
799.312177
700.167563
802.639751
881.543108
782.708287
801.333859
712.012836
774.447047
705.388280
706.121598
885.692091
786.340723
804.549972
714.713615
711.507786
773.249713
608.265860
788.598549
677.390211
786.251281
610.409843
715.766639
300.570651
782.729586
692.767068
603.141749
693.052869
673.722581
694.410907
620.075044
602.295006
604.016996
692.454114
516.126725
693.324679
581.192100
691.312758
700.935553
696.060464
709.643868
780.857436
503.107920
578.272890
1294.837622
505.152805
587.377125
885.905769
816.362994
572.854239
892.932996
503.746194
506.279781
899.928506
588.095692
901.954566
516.448551
898.880090
897.408095
588.847794
902.831994
596.184402
602.472509
995.074119
689.052976
1008.545151
685.137142
1004.153016
604.197192
680.796621
996.625988
593.460707
908.509931
590.874261
514.683576
801.545059
589.407675
995.290140
595.906347
520.676789
1015.401195
680.821586
1103.235602
687.901322
1099.995584
701.220114
1108.688925
778.498603
707.662103
1110.442947
790.429411
1189.372910
787.814407
1187.467691
1117.427066
1107.502198
1107.663409
782.946031
1090.773526
1010.313511
708.347174
707.721957
1006.625452
713.097900
1077.131193
1002.361845
712.881035
999.102833
1012.433577
716.041658
792.866734
990.463955
793.817898
921.044742
795.418626
993.255199
789.989390
989.161420
721.195404
986.760855
794.384445
991.479634
913.672639
797.375361
801.091156
800.685076
788.525550
805.726102
883.321849
805.432986
799.586915
799.469524
799.161336
789.150615
798.288478
809.816901
799.588512
789.807389
807.405670
890.423710
707.216140
783.365477
879.714945
801.450619
711.013982
801.519517
705.779169
799.485400
692.620162
801.853373
699.835095
796.670689
612.625255
723.244555
805.308373
701.409315
879.453464
694.308649
799.577597
280.480182
685.245995
806.368634
883.958604
592.123826
813.489045
889.126345
594.547729
816.868196
675.308519
894.189030
603.675204
895.317428
614.230934
894.910361
690.740165
894.727758
615.545894
816.107947
688.663931
885.169631
608.778502
799.955402
789.996500
598.772814
787.678199
685.753404
797.264619
798.833509
618.247723
699.126336
614.278147
618.416723
699.826204
696.727809
605.555334
697.431801
516.952535
782.397654
516.429533
600.223594
793.104805
589.996176
801.341312
802.357800
595.476543
604.236351
797.744666
608.756996
693.042594
795.996490
798.137241
692.959598
802.236570
785.289149
619.141910
788.449688
697.586605
793.798873
792.275475
713.627005
791.477760
796.825992
795.139389
801.117505
875.988278
802.808469
795.410122
798.575598
715.747407
785.715622
804.175487
791.361425
803.855472
723.115811
790.978336
801.396792
793.906687
712.710387
797.891057
802.921176
794.822746
802.507267
800.554677
798.194221
810.936348
782.283972
783.807951
809.726211
815.752345
774.311253
703.274272
779.640669
893.821808
706.824629
901.092589
901.271084
706.046874
907.008990
714.227525
984.388858
904.636115
688.229582
892.375696
602.863369
897.394200
605.783975
690.409914
584.940800
906.224673
900.740520
978.397423
906.574155
976.456550
902.159453
824.432354
833.686516
1218.058649