129.160949
340.293540
372.369345
313.621727
134.934239
121.917339
268.299731
91.163634
109.309624
170.341534
419.184034
157.708636
295.834258
390.315161
473.669413
516.327195
347.650488
358.693269
331.655371
480.040771
655.046719
191.823977
154.828247
280.388669
271.307654
90.141528
188.967182
54.178874
155.661342
10.864423
9.478045
12.946506
21.107232
6.203175
8.631248
16.836100
26.844945
57.863187
67.079218
60.794593
145.366645
139.149314
147.402765
182.199648
85.362802
120.715877
12.291768
8.114295
8.141916
6.901574
6.244640
6.377055
8.557379
6.458542
6.961978
6.348355
10.562299
9.868537
17.688411
32.028472
31.901014
54.182771
103.032757
9.780312
85.264412
17.192008
38.707885
13.408437
7.374934
6.248403
6.335369
6.457226
6.864187
6.765521
7.133566
7.449615
6.447395
6.107628
7.614863
10.068991
7.480441
18.467917
53.102562
50.929430
45.885986
27.288629
34.950805
18.066714
9.026575
6.818984
6.446061
6.217429
6.151057
5.998438
7.920491
7.270486
6.318251
6.197688
7.493624
12.720958
9.368046
6.556866
33.389423
36.902306
41.777072
14.096551
10.802986
22.016094
11.114864
7.308462
5.842627
6.482062
6.894313
6.372122
8.742641
8.396031
9.918032
10.097794
10.807346
12.214397
45.501638
47.163608
33.454594
47.039545
26.268861
21.684222
42.465954
7.113753
7.834748
9.806333
6.469455
6.029233
6.605171
8.230833
5.922242
6.811892
6.212767
7.437048
6.451670
7.396157
6.698242
6.560471
11.076457
9.508736
20.096956
38.532539
13.336148
10.278569
11.798293
8.110844
6.513303
7.668316
5.871256
6.789005
6.105152
7.674907
6.459452
5.766018
5.718096
6.662449
5.662520
6.308879
7.473087
7.100452
9.544187
11.622739
18.335222
17.170583
13.349362
7.755835
6.187329
5.773404
6.008848
8.685769
6.020719
6.782813
6.378391
8.559518
11.049700
6.996933
6.384820
5.915012
6.144864
8.490651
10.424070
13.136420
12.657530
7.254377
16.239415
8.647923
6.298605
5.866121
6.317239
8.397447
6.281096
6.311404
6.057692
6.185961
5.701719
6.761272
6.149288
5.884165
6.151586
6.934621
7.120978
8.839740
6.020183
6.360858
11.050646
11.528314
6.197845
6.184951
6.133445
8.272349
6.230254
7.908206
6.713987
5.762007
5.933912
8.305095
7.491560
5.840520
8.645478
8.165862
12.517061
15.847695
23.826686
6.336099
17.559453
7.809991
6.899405
8.743162
6.096556
8.500927
5.682772
6.428195
5.800661
6.361838
5.666996
5.944201
6.860137
5.808054
6.281125
6.373653
6.450787
11.512064
21.477980
6.093309
10.932817
9.426176
15.232981
7.678128
6.156164
10.210239
6.428357
6.579407
6.217319
6.199598
6.112628
6.204539
6.229921
6.610965
6.493276
6.492775
7.102305
6.965046
8.885922
7.021849
8.463767
7.698034
7.308765
6.304047
8.918838
16.830905
5.819921
5.713123
8.712412
6.717767
6.624956
6.135702
6.045315
5.998936
5.865958
6.077929
6.296720
13.032371
23.165709
17.880408
8.924500
8.510591
6.191444
5.613000
6.360922
10.133924
6.444982
6.861272
6.183049
7.829151
7.619517
7.380474
7.755790
6.522495
5.946376
5.738254
6.515809
7.304837
12.604328
13.436216
10.737529
10.125605
8.981331
6.911361
6.659956
9.104790
9.345602
6.251424
9.244435
10.034338
8.629416
14.121680
10.341403
15.010933
8.315530
7.826510
9.237387
14.329186
23.431021
15.022793
7.283042
14.494925
12.233753
7.259949
7.612120
7.356768
6.415821
5.578267
5.729234
6.344087
5.701822
5.956012
6.041416
7.707257
10.447306
10.178417
6.887108
9.020366
11.901490
17.915239
6.622978
9.682821
13.989535
5.887306
5.510264
7.817241
7.013890
6.204545
6.048831
5.673459
6.426758
9.015251
6.809986
9.729151
6.088126
10.786411
19.593294
30.292119
36.009693
45.781781
36.329659
7.645392
6.243904
5.637147
5.533550
6.732053
6.955810
5.589688
5.623914
6.263903
5.566592
6.345232
6.915979
6.403133
5.370642
5.908152
8.330058
19.818928
25.691697
35.103266
20.516215
13.366821
12.231551
5.491951
5.541191
5.564899
9.998033
6.154873
6.468059
6.195719
5.998679
6.991531
6.188528
6.234919
6.260623
5.979030
8.071784
7.599974
18.030072
15.625515
32.085625
13.287659
9.523387
9.526732
5.838234
6.223639
8.037138
5.715841
5.660759
6.157281
5.888802
6.282348
6.100531
8.147462
5.989345
6.282857
6.705308
6.951601
7.803342
14.860026
12.395036
6.425731
6.535589
7.922952
5.646670
9.451856
12.105848
6.821447
6.068117
6.558956
6.493322
6.661333
6.075895
5.951839
7.144940
8.249108
6.456153
6.825938
8.408996
20.697962
28.619124
6.349857
11.628319
19.146300
5.750750
8.778181
11.662913
6.992413
6.364654
5.545946
5.991703
6.893594
5.868160
6.010685
5.520018
5.428983
7.218180
6.973344
10.299969
17.792992
24.600555
9.057759
14.317678
10.155503
11.099582
23.494036
31.305267
5.657544
5.760708
5.793672
6.044556
6.507433
6.176598
8.002414
5.352630
5.564440
6.898472
7.196579
6.311478
7.717543
19.972908
28.393097
7.231516
13.713785
5.486603
10.956257
12.933573
6.526094
6.850186
6.435742
6.747311
6.158901
6.968010
7.995783
6.197001
6.814297
5.717075
5.931964
7.972499
5.970466
6.776073
13.499491
8.225006
9.856778
7.007237
6.058300
13.284256
11.078047
6.831687
5.689426
10.676954
11.640217
13.556898
8.954610
8.675214
6.412199
6.402514
6.031550
6.410361
8.055553
14.305110
7.231460
6.114759
7.377623
15.928911
5.566642
7.391442
12.089989
6.207128
5.643864
5.689522
5.268088
5.950577
7.114332
5.623693
5.968121
7.074330
6.782944
6.248270
5.682237
10.729403
6.809207
16.599113
12.253968
6.094199
5.286482
6.014283
10.327885
5.380714
5.253127
6.010119
5.383998
5.598985
7.053740
6.735030
7.197753
7.202887
6.267824
7.846416
12.074070
20.283707
24.861503
13.648043
6.953217
6.164191
5.908158
6.827815
12.293023
5.583891
5.806216
6.099098
6.594847
6.314771
7.127772
6.997213
6.140789
5.845341
6.463732
6.173584
11.300319
16.925095
48.139239
38.061307
10.371601
14.389507
5.717406
8.841194
10.124308
9.470024
7.415675
6.113158
6.859213
5.814487
6.720839
7.911652
7.333048
10.693658
12.363283
16.025763
16.374872
22.202598
70.804803
45.010950
5.657901
11.019708
6.061045
10.315261
17.335132
6.555528
6.068521
6.898228
7.338276
6.425408
6.606791
7.568611
6.977938
5.874717
6.088570
6.165729
12.174663
12.226917
16.827607
32.813426
11.627675
23.673342
5.488323
7.949081
11.305375
5.291416
6.030768
10.595968
5.975352
6.060193
5.445384
6.152674
5.893877
6.380368
5.729005
6.233243
7.308109
18.847431
26.508138
41.420200
9.173130
16.665160
18.520602
5.504861
7.445541
9.527591
6.871485
6.602717
5.839250
10.161602
9.853989
11.311439
9.344133
7.238933
10.176904
9.037281
8.441125
7.297171
9.255100
12.995381
7.950504
10.001109
14.380846
9.152942
20.243598
26.351216
7.640616
5.177158
6.166563
6.218213
5.833833
6.931047
7.106583
6.405761
6.016843
7.023154
5.569958
7.119342
13.894290
28.511296
9.813826
10.689491
6.064783
5.574316
7.980689
16.654753
5.955925
7.167486
6.790749
6.348150
6.748927
6.040222
8.354123
5.633735
6.134321
5.670179
7.020269
6.717686
19.679775
31.724432
15.830899
6.661377
5.717390
14.357005
6.507310
10.309440
7.964005
6.109529
8.797491
9.051437
7.050252
6.138523
5.817484
5.551603
5.643938
5.849212
5.860744
7.047937
9.928569
17.798673
12.895753
5.505626
5.855485
5.414928
6.137697
11.340160
6.311670
5.506228
6.137144
7.473339
6.498741
5.808774
6.303368
6.915277
12.134877
16.213329
28.437119
23.749801
28.206354
47.743884
99.643851
59.444636
12.575948
5.648035
6.545572
6.656488
7.493300
7.011656
5.567868
6.195078
7.391829
5.984227
6.001720
6.427139
7.509011
5.994834
7.796512
6.790850
6.376464
9.103088
13.526715
14.207539
11.230030
5.440640
6.172616
7.850989
7.415615
5.531686
5.549373
5.841425
5.891002
7.101937
8.710005
5.776947
5.302283
5.996636
6.754756
6.583143
5.223252
5.953708
9.397819
9.141753
19.295018
5.502101
7.805183
17.225207
11.037354
7.285651
5.574341
5.821995
6.188394
5.605482
6.204109
6.555366
5.408277
9.857637
10.249023
6.066010
8.787942
7.802043
14.795255
20.422308
22.415265
5.501848
6.042863
7.933494
6.657084
8.162179
5.788193
6.309328
6.703542
5.728029
6.124373
6.265768
6.109464
6.458563
5.866800
6.467221
5.715151
7.728670
17.385507
21.391266
21.191161
5.562777
12.064344
18.248048
13.427382
9.554836
6.673186
5.411799
5.881412
5.535102
7.609301
6.322511
6.139771
5.578521
5.632103
5.845799
6.661398
7.953511
14.516646
12.147028
9.321736
5.327056
6.302340
12.990719
10.083448
6.176341
6.662037
5.779141
6.139669
5.957931
5.852357
6.836397
7.242276
6.833007
5.829241
7.561261
6.171841
6.757333
7.930406
17.900329
11.405720
12.329868
10.228544
12.379345
13.829146
6.339635
7.340542
6.148863
5.815615
5.456822
26.655835
32.014365
98.626993
94.299682
52.758815
67.877549
130.734847
117.139127
108.508533
92.136415
112.146514
55.836944
11.228493
6.828985
9.215231
8.672992
7.400323
5.862157
8.028536
6.923590
5.522373
12.139870
5.844765
13.845986
29.698754
34.189230
89.972198
91.169756
94.993107
95.076829
46.584879
103.672165
7.861276
11.141992
19.019147
10.134781
14.778186
11.356777
10.849169
10.448741
6.868870
15.780507
5.420238
13.278578
14.794382
31.175876
70.112037
72.147236
79.798722
82.911922
91.193192
70.937792
83.047382
6.611949
12.474829
8.576550
5.878965
5.592469
6.730740
6.278135
5.198984
6.527653
7.872339
7.699977
16.442319
20.525606
48.972184
53.989497
65.413432
68.845432
75.526265
68.146460
27.328456
6.037773
7.451308
5.990333
7.101548
6.302689
6.209615
6.139619
5.824381
7.573523
5.913349
7.771625
12.577217
18.815224
36.314897
45.988440
37.686525
56.407030
61.288595
58.013562
28.291242
6.268124
11.576878
27.607236
6.209351
6.114089
6.810623
6.798828
6.145490
5.744438
5.891658
5.322715
5.840276
7.404861
14.560929
21.506006
34.701284
35.840220
36.259230
45.823072
29.999520
6.523971
9.298295
12.043146
6.399360
7.395938
6.007560
6.083343
5.560640
5.744418
6.729607
5.305364
5.634284
6.289185
8.232976
9.866130
11.572169
17.726984
24.760916
11.953117
32.677762
6.498928
13.567590
24.779886
6.955204
14.283388
7.637788
6.983180
6.732067
5.868354
6.146954
5.715233
6.249249
5.805077
6.230859
9.703805
12.835472
16.745324
27.139058
22.251601
33.196905
90.088846
5.871385
5.573934
5.795883
8.346303
7.314538
8.119997
6.935933
6.222009
5.968811
5.807698
5.382735
6.412914
5.972816
8.738018
15.041892
28.034552
77.614703
79.875450
82.827308
45.934871
8.785867
23.641719
5.538162
5.447322
5.592384
7.208278
6.161368
5.335021
5.667962
11.210894
14.966779
15.013543
20.027587
25.021538
47.158656
71.306705
63.103060
57.620993
82.294121
91.009600
8.334086
29.099437
5.367276
5.923375
8.058438
5.898381
6.986900
5.988657
5.807753
6.632944
5.299080
5.541554
5.451242
6.599986
7.409917
9.824732
12.897699
41.971591
43.943845
45.364569
11.989991
6.422310
17.979988
6.239260
5.843046
5.754411
6.749374
6.846664
5.870286
5.827416
5.402392
5.304740
5.905132
7.239899
7.762393
11.331327
15.219596
38.783266
48.955272
46.211125
15.294145
8.564535
15.086987
9.022676
6.319416
10.304739
12.782832
9.835838
7.106775
7.595720
7.595801
7.050856
6.597187
5.759781
6.199155
8.202696
23.941161
25.056442
41.675685
35.064852
57.761815
7.983801
6.080994
6.361514
6.373426
5.666340
5.421217
6.085158
6.021604
5.907736
5.615749
6.058164
5.657167
6.347994
6.498163
7.203243
14.089557
20.618959
33.338875
38.606229
33.235198
6.117442
6.281229
9.258898
5.810575
8.458861
10.446702
8.156342
5.797117
6.008287
5.315872
5.465104
6.886591
7.929316
7.146549
5.350454
6.423987
8.485997
13.802622
24.295640
30.551940
42.563094
7.769024
6.920112
5.964577
5.504680
5.518826
7.017512
5.898241
5.935474
5.415210
6.114830
5.691144
6.653555
7.087868
6.584613
7.109471
8.735803
8.214354
10.700503
17.058087
15.655960
9.898881
5.580952
6.536452
5.818872
5.640457
6.296738
5.968036
6.768125
5.712685
6.555416
5.817038
6.680186
6.860001
5.967612
6.028734
6.439252
12.291991
17.967658
28.573292
40.416339
6.921026
8.898281
6.472311
7.591094
6.960066
7.418559
6.103709
6.461315
5.840851
5.632697
6.438249
7.715978
7.953556
6.249199
6.931109
5.846916
9.376332
12.490184
15.744393
44.653860
6.377897
6.577927
8.333437
5.727610
5.685769
6.998461
5.680192
5.757996
5.735593
8.512097
5.812988
6.319024
6.482962
6.578383
5.343287
9.048989
10.537555
14.632827
32.172560
37.632725
11.366100
5.992288
7.134287
5.455661
5.289522
5.969387
6.263362
7.649251
8.921624
10.571029
9.414178
8.728476
9.541724
8.287891
8.513598
7.342957
8.002149
43.450674
36.340102
42.887698
30.236971
6.345917
8.581729
5.861196
6.052606
5.780583
5.636835
6.230401
5.601008
6.638640
8.806620
7.679993
9.020964
8.939401
6.226258
5.431560
6.777912
18.374417
20.417659
28.463385
40.127483
5.449561
5.946673
6.353769
6.038451
9.173618
7.543738
6.010082
5.496644
7.032378
6.943405
7.454817
5.412192
7.653947
5.522263
7.033327
7.045117
9.146195
13.291801
13.269067
15.691773
8.650451
5.686910
7.476721
6.670669
7.468892
9.496518
13.089541
6.404631
9.843413
12.073526
9.348993
7.720443
6.754972
10.485791
10.480164
16.511301
24.733678
21.032622
33.467529
39.663459
24.890096
5.689157
6.244685
5.725633
5.545014
5.803784
6.529072
6.546596
9.639448
5.797019
9.269750
6.476685
6.403894
5.863185
6.603048
7.307526
8.358236
15.056728
24.623491
29.873441
36.413049
5.680609
10.475871
6.774810
6.213687
5.919550
6.178397
5.775092
5.590023
7.086236
5.751317
7.296544
7.144472
5.630455
5.712774
6.268865
6.490141
17.930679
26.204507
33.498157
36.014976
5.725704
6.235618
5.291710
5.951570
5.507164
6.410073
6.700166
5.327245
5.760454
6.989243
5.378504
5.976647
5.192160
6.701630
5.958978
7.989079
11.079351
14.167596
26.727905
42.170293
5.436709
5.879197
7.551681
7.554030
6.762019
5.433742
6.428257
5.964744
8.105878
7.587477
8.358297
6.473534
5.295604
7.871278
7.849114
7.463152
7.734941
12.078595
17.613650
20.086293
6.151655
5.596712
5.960139
8.601616
5.642358
5.612011
6.863549
5.787240
6.461520
6.592644
6.865668
6.012744
6.762020
5.845425
7.148514
6.206698
14.823913
21.181991
37.315290
43.043495
11.049781
6.699564
6.372585
5.841287
5.720900
5.735331
6.653945
7.953216
5.412511
6.074018
7.056161
5.650049
5.694276
5.694669
6.745515
8.579373
6.342838
6.213915
10.517574
27.162880
21.306376
5.658759
5.475569
7.004343
5.276983
10.069683
9.341380
12.208476
6.342772
7.199535
8.277773
12.203848
11.834754
8.462137
8.668542
9.481318
11.506660
10.383048
21.027363
20.169303
28.283529
5.929998
6.434057
5.774680
5.846004
5.653989
5.590792
5.886152
5.747167
5.688654
5.792882
6.594015
8.157178
8.318401
7.662834
5.984165
9.716980
8.141362
12.926594
15.978074
5.788442
5.577866
6.052100
5.482115
6.030934
5.383012
5.888286
5.364945
5.421431
5.560489
7.010378
7.693865
6.634820
6.300720
6.850567
5.936369
6.094614
8.730756
8.984516
13.427713
8.706561
13.907146
6.201785
7.264642
7.823742
8.015753
10.555910
7.255438
5.347731
5.867260
5.589660
6.127146
6.779990
6.860652
5.344656
6.200195
10.624270
6.423993
11.574025
12.801729
15.220014
16.718372
5.776565
6.602438
5.293589
7.209584
8.261237
6.441779
5.980890
6.515914
5.255573
6.685779
7.453067
6.031484
8.748860
5.632999
6.689283
7.380706
17.038441
11.727488
27.135079
11.122299
14.366366
5.833433
6.063382
5.186219
5.312829
5.467276
6.123997
5.271445
5.496180
5.191928
6.947009
7.374942
5.518207
7.164000
6.024566
5.980210
8.179515
13.359218
25.425930
15.259871
5.383968
5.689263
5.385394
6.277734
6.074684
6.139554
5.761312
5.678632
5.352598
6.308774
6.746410
8.720496
5.995725
5.714288
5.744036
8.319830
8.036105
16.484061
19.556842
9.305780
5.770250
6.549837
5.919904
5.347747
5.517394
5.987482
6.093410
6.148483
5.683326
6.564854
6.097230
5.373631
6.567465
6.700323
6.270170
8.483960
8.438515
10.218176
25.227146
12.140153
5.333883
5.661987
6.080408
5.844373
9.019311
6.191456
5.868000
5.447266
5.781064
5.326822
5.515530
8.371341
5.863790
8.894052
5.359200
5.440382
10.827139
17.371201
24.596696
21.044556
10.285552
5.602253
9.131609
5.378524
5.547438
5.619623
6.817701
6.025655
5.297278
5.666807
6.476745
5.815650
9.642037
12.219910
6.477922
6.696357
6.472381
6.082324
12.566553
16.284938
18.091708
6.675350
11.849514
11.939672
12.902863
13.997823
11.556344
9.237792
8.069717
11.304313
12.361869
12.018103
7.923879
9.144942
8.964194
9.977932
10.151583
11.651873
36.391940
46.016752
24.503904
5.402253
6.516791
5.487676
11.425170
5.500296
6.716751
6.269972
5.217152
5.454756
5.567227
7.219347
5.651946
6.094808
7.095017
5.330587
5.192206
8.673366
11.792941
14.955970
20.205098
5.664399
5.991924
5.609168
6.346811
5.436595
6.493604
6.386373
5.614863
5.405398
5.519927
5.704538
6.178807
8.117916
6.056211
7.078349
6.380451
7.220617
29.907581
42.856500
12.298453
5.431630
8.503163
11.116594
12.314471
5.941451
5.831662
7.214599
7.506656
6.088166
9.269174
7.346624
5.748295
6.753427
5.411523
5.941575
6.981449
6.059593
13.051247
18.406583
17.858856
5.754471
7.036277
8.667055
9.586671
5.684200
5.706937
6.497713
5.498941
6.431037
5.662855
6.536690
5.378237
5.650656
7.980507
5.984370
5.570962
6.534909
16.886687
24.552862
38.502549
5.304009
5.460314
6.634373
8.710175
6.326813
6.232690
6.537556
5.695571
5.513843
5.391256
8.153737
5.983330
5.912585
5.985532
7.304131
7.023425
5.405895
9.381494
11.738022
18.998601
21.891716
5.629087
6.730712
5.869007
5.975292
5.830559
6.185869
8.363480
6.194677
5.354745
6.785843
8.001003
8.030922
8.309931
8.201132
7.123443
9.599761
8.825644
8.268788
10.633980
19.872965
6.474686
5.876201
5.356675
5.616044
6.011216
7.642173
8.147425
5.522920
5.812496
5.866814
10.590156
10.363549
6.041933
5.513651
6.338858
5.295748
7.113049
8.762934
12.911999
18.358834
6.392166
5.871541
6.204163
5.329367
5.617440
6.045067
5.678945
6.019121
5.394291
6.396663
6.119945
5.966641
7.839909
6.195399
7.156262
6.151183
5.880833
9.295617
17.416636
8.735662
6.073470
9.124430
5.382395
6.213535
5.363581
5.944511
6.268009
5.735346
5.595238
5.603835
5.295231
5.639987
6.782026
6.081047
7.009015
6.439444
8.466349
14.749195
21.822470
9.637218
18.777251
12.924181
9.640761
12.922590
15.336549
11.669606
9.389684
7.750224
10.616097
6.631935
8.528362
8.926900
17.189934
16.557867
10.483529
10.768264
10.099892
17.777449
36.481497
58.460263
17.476988
5.696000
5.548273
6.666203
5.605146
6.476217
5.528948
5.500026
5.923281
5.515860
5.921440
5.462705
6.259212
6.030377
7.040187
8.687441
5.571753
6.230441
8.268470
8.705974
8.999929
5.692990
6.721491
6.895713
6.601621
6.842295
6.171988
6.825860
6.051479
5.694988
5.702362
5.810392
6.063088
5.583258
7.085581
6.999930
7.526841
9.759020
9.544573
12.981725
9.226506
8.107603
12.440797
10.894347
11.055205
10.718734
11.422215
9.661475
5.819708
5.939906
5.781994
5.964491
6.764806
6.499806
6.881792
6.600623
8.201281
9.284489
12.301359
24.606569
11.060529
6.439963
5.977285
5.308931
5.157494
5.977111
5.382499
6.195745
5.421556
5.158241
5.982189
5.856438
6.104719
6.283298
6.680269
7.460602
6.366916
11.010898
22.106038
39.787217
8.251956
5.612052
7.329523
6.246666
5.273175
5.595168
7.026879
7.005305
5.432753
5.391393
5.854225
6.313594
7.381926
5.540688
5.478630
7.644525
6.244039
6.539425
7.534209
15.334197
15.370892
5.879292
7.430926
5.346408
6.198758
7.341251
5.252876
5.613759
5.428547
5.385973
6.288989
5.646403
6.458438
5.613350
5.700734
5.180578
5.691755
7.020937
13.156617
22.476085
14.389493
11.358460
6.078847
6.241953
5.879066
5.406638
6.213582
5.961762
7.576484
5.253383
8.988655
5.274229
6.394173
6.833258
6.524259
5.855549
7.876722
7.038910
10.306064
21.330791
24.664945
10.563552
5.940363
6.406487
5.729895
5.508966
5.472818
5.512321
6.018552
5.443941
5.841439
6.525744
9.332576
8.129584
7.526417
5.707975
5.413882
6.114596
8.317970
18.211466
23.757608
8.188087
5.699589
5.545977
6.320008
5.614490
6.080139
6.735625
5.336191
5.164332
5.466697
5.237213
5.960488
6.738311
8.537074
7.154288
6.167100
5.999356
6.834177
8.927248
11.803214
9.001686
9.769684
7.526548
9.410170
6.482967
6.409959
9.442431
7.657881
5.305460
5.842115
5.887695
7.156845
5.520477
5.390053
6.966761
7.444466
7.360983
8.930693
23.403352
36.505861
8.419076
5.832780
6.093064
6.693802
7.698016
5.961433
5.513870
6.031170
5.715034
5.545970
7.323214
8.680556
10.460242
10.076958
6.500123
6.076253
12.732486
18.980332
24.575564
43.768030
27.207389
5.845510
5.379294
5.913621
7.250463
6.748045
5.371764
5.487094
5.405043
5.694624
5.533381
5.640333
6.800457
6.822015
7.071237
8.057898
5.623818
14.791100
25.668926
12.209128
40.660589
6.027703
6.817464
14.100134
13.383352
9.213252
9.077011
6.179477
5.893371
5.492282
9.321122
5.900972
6.127186
5.815118
6.161889
6.356670
7.075933
22.541009
26.314293
32.864131
56.624535
9.548984
10.080566
8.405398
10.872691
6.404338
7.521013
8.257337
6.157887
5.699217
9.710554
5.539771
6.338705
5.495592
11.231368
6.140803
11.808436
15.031614
28.381610
38.943571
39.053294
6.357028
6.133372
5.484595
5.174976
6.379546
5.633794
7.562806
5.312886
5.465205
5.721963
5.578539
6.704724
8.440030
7.198324
6.964516
6.487434
9.585782
22.977347
21.615362
50.970249
6.694439
5.649074
5.424855
5.791612
5.895243
5.884142
6.893608
5.714505
5.197632
5.534942
6.491276
5.420893
5.842167
6.653741
7.285131
6.178287
6.851648
17.326917
23.993474
27.246649
10.158244
5.880890
6.215515
6.179846
5.360185
6.398939
5.278306
5.768158
5.274636
5.949218
6.358659
5.323276
6.031515
5.373981
5.665368
6.269866
5.987718
8.799509
18.231479
25.880818
15.666824
5.647876
5.386592
5.727016
5.541048
6.752575
9.626861
6.134404
5.168400
5.559429
5.861229
7.888217
5.608217
5.938254
7.003707
6.996714
7.863145
14.068944
23.565851
31.796196
21.427822
9.348307
7.311352
7.046534
6.984762
5.765320
7.474367
6.699223
6.026358
5.451865
6.436269
5.971363
6.475965
5.467122
5.821276
6.088354
7.808505
9.158213
14.198525
32.102304
24.229016
6.862481
10.442197
9.375823
15.052211
8.359932
9.113486
6.552135
5.325298
5.641996
5.366153
5.456411
6.219262
8.424967
7.810239
7.730596
6.497127
16.114734
33.678329
36.569774
42.397288
5.832441
5.481323
5.411231
5.573843
7.508480
6.268625
6.360131
5.277830
5.383850
6.616038
6.497857
6.283195
7.029428
5.714090
6.542382
6.013466
8.538706
29.534254
31.997074
48.010180
8.656118
6.501047
5.670381
6.163633
6.205076
6.483317
6.214219
5.256094
5.237309
6.497589
5.871983
6.097637
5.303489
5.452296
5.967471
5.995733
13.385290
16.529940
29.643987
42.377389
23.751255
5.784918
6.818070
13.492324
12.806239
9.900839
5.484574
7.284009
5.346283
5.415688
5.232619
5.502247
5.662025
6.454777
5.922636
5.583474
5.613608
7.272986
22.863528
25.297271
20.459269
5.168072
5.391729
5.401226
5.311742
5.906054
6.490663
8.320324
6.457811
6.628277
9.954279
7.393972
5.536016
7.094186
5.388909
5.853089
6.051654
12.185712
16.946021
17.494199
42.255027
6.551685
6.247977
5.626598
6.017409
6.799070
5.472912
9.408235
5.431312
6.083088
6.376873
5.920057
6.195333
6.050268
7.245359
6.251477
5.359951
6.249850
16.163288
15.129271
24.983119
5.327477
5.511365
5.487399
6.194083
6.697889
5.351764
5.553806
5.063978
5.556279
5.718106
7.605822
6.161722
6.223897
6.328217
7.260994
6.101380
9.136950
17.231563
35.993359
43.196205