639.845038
642.242143
871.169450
612.065470
809.509108
894.656801
989.334146
796.755310
1064.100065
832.681565
1021.667987
1140.328728
964.990578
940.331049
984.715022
1041.083818
791.922963
1063.573633
517.143346
805.916519
215.645896
285.431992
289.906884
300.895867
215.198716
274.789880
287.194122
216.441644
488.264344
298.981137
481.725057
374.203771
488.459021
382.299986
301.047466
577.427479
510.077324
594.265145
610.068315
692.886809
193.000028
275.740348
189.637598
312.276510
393.253405
179.906434
192.255734
402.505217
401.576429
317.749532
96.814814
395.899587
181.437442
419.736281
97.509909
507.676454
504.864950
108.866825
512.503253
389.321840
28.717095
202.664785
218.071339
16.552592
191.677543
193.288439
120.845740
77.142794
196.716517
10.145954
89.972567
204.585751
15.247883
78.823502
87.465837
194.493184
118.498658
191.641466
196.717265
79.188431
212.468254
95.230026
86.712309
89.700351
192.460564
26.358043
87.351971
300.883810
98.761974
308.820101
390.516869
103.794354
401.172385
91.716770
491.833183
103.616821
586.196672
472.522431
375.378105
15.227506
378.909185
382.529748
306.389849
218.607728
217.326265
271.888333
197.958994
14.484229
80.882252
95.692508
100.433426
105.704992
93.417381
94.940378
37.604691
96.805919
35.902746
9.978792
12.392110
12.819640
9.448269
18.405636
21.493321
68.308952
25.668071
10.518204
23.070492
14.911984
10.459404
18.120493
14.172427
18.709504
9.267622
11.515787
53.762385
12.994098
50.559825
10.598970
9.844608
10.405100
9.814807
18.498213
19.898488
10.275023
14.956347
13.741972
14.854679
17.914929
11.539306
12.399549
9.685118
19.472279
10.285482
10.077447
22.038175
28.128823
9.720420
10.308926
13.426929
10.152919
9.418418
12.768922
11.021613
9.576068
9.745337
10.661448
12.282070
9.502219
10.493254
10.466228
10.014470
12.877507
10.040710
10.634862
11.429296
14.011892
9.959862
14.275783
11.002471
10.046331
9.300861
11.359736
9.884841
10.131055
28.765737
14.167157
15.773193
11.139114
9.405564
10.679960
10.481355
11.836073
11.476334
10.920133
23.901650
23.789790
10.804699
9.659818
11.681854
10.058362
9.182060
10.373626
9.606318
9.194615
9.988860
18.507121
12.245590
9.943881
9.296507
11.368989
11.930310
10.184226
9.421069
10.433731
19.866827
10.401698
22.725379
9.852839
10.226957
9.709352
9.967944
9.520660
9.587164
9.602090
12.446585
26.087779
10.933871
9.339832
9.256415
10.604659
27.493185
13.009404
9.248378
9.704425
10.924855
10.416148
22.066480
9.721740
10.701986
10.322684
9.571236
10.659627
13.146980
9.656793
11.071918
10.131313
10.431446
9.683751
9.795555
18.067073
12.200233
12.655418
12.720953
16.590447
14.781675
15.844938
38.369908
9.991758
9.755650
9.213328
9.187026
10.026053
10.126062
9.549877
12.709852
9.760028
10.498229
9.454066
9.852336
19.217526
26.219569
28.623549
20.096407
106.610155
21.045990
66.148910
72.438996
19.636449
85.409910
68.826407
27.609367
10.998107
58.717879
24.299746
37.358947
9.888400
15.866683
17.352000
9.194122
71.579188
10.494598
9.788981
9.320315
10.660298
17.917975
11.167042
10.598042
18.796644
9.365463
9.867940
10.749076
12.870515
10.141154
12.000071
13.390451
9.553279
37.016224
9.951169
10.007027
14.283913
9.341142
9.129126
9.446446
12.056063
12.816913
21.661221
14.085643
12.337126
9.911718
10.137742
9.596101
13.113046
9.177373
10.671036
12.753439
10.211690
9.548057
9.724356
9.458402
19.174010
11.474281
10.508100
9.234874
9.916217
13.498192
11.207861
13.182184
14.204800
15.059418
22.151788
26.640197
31.815665
9.586360
9.938041
9.765497
32.295660
12.714280
10.188735
9.318388
11.032362
9.607731
11.974738
9.528837
9.462914
21.694136
9.821539
10.878580
9.835917
12.345930
10.136573
10.123247
10.135361
9.925428
11.520745
49.009750
19.986860
14.983531
17.274424
9.928712
10.988158
9.449759
9.867011
9.818107
10.651703
9.065460
9.802267
9.480209
10.056700
9.507208
9.466856
10.810042
10.574814
14.500857
19.345541
13.711239
12.721901
51.490370
9.640339
9.198924
10.008369
9.268583
9.420478
9.344316
10.397970
13.533955
9.665676
10.047461
9.317633
9.398708
9.835837
9.757873
9.742022
10.082281
9.391031
19.931150
9.587882
9.043417
10.361327
9.369250
9.606701
9.070560
9.247537
9.227783
19.478549
62.901796
23.314812
10.214312
11.332458
9.862429
10.118924
10.257819
9.809500
10.155053
9.739249
10.103550
10.670739
9.739455
9.904887
10.350615
8.990757
9.267803
10.252180
9.170967
12.435213
10.079313
10.987491
10.393616
10.243585
9.149399
10.356723
10.247797
9.369153
9.303998
9.782637
9.642514
9.889537
9.881333
9.983481
9.273646
9.245811
9.373604
9.675190
10.379133
9.676549
23.714145
21.589074
12.822287
11.432347
10.005293
9.738960
12.452411
9.847493
9.688554
9.894674
9.989987
27.868848
9.369736
11.260685
16.630873
91.787030
63.228917
53.072801
27.345692
82.351604
10.846223
49.733582
10.172556
9.601823
9.315614
9.521902
10.071646
10.188940
9.184839
9.658766
16.700320
16.002596
9.689758
9.268973
10.577387
9.923148
9.689613
10.688670
13.941498
9.356320
10.085553
11.226458
11.370182
9.342180
9.311771
9.615283
9.610665
10.042249
9.245066
13.200872
10.014968
11.444040
9.399116
9.386903
9.678619
9.519280
11.022063
12.515738
12.134782
15.958839
12.092465
16.822860
54.434729
35.239804
10.422834
11.544916
14.333317
13.736645
10.733698
13.346261
13.655399
13.416364
10.439338
24.975154
9.730809
11.326497
13.643359
13.834343
16.566543
11.591482
23.861601
9.530327
10.862062
11.021620
13.674910
12.478021
11.803364
10.162795
11.594777
9.645364
11.149249
9.439536
9.558931
9.834681
9.830147
9.283677
9.627564
9.660331
10.385026
9.464762
9.837366
9.208232
9.880880
9.491768
9.360765
10.241953
10.003366
9.605594
9.182772
9.343017
12.127188
9.839350
9.418519
10.199938
9.666847
9.182671
10.537250
13.668251
9.478320
9.451996
14.205256
9.785809
9.128903
8.779924
9.233782
10.396464
9.984152
9.938268
10.900831
9.622226
13.966107
36.929065
10.150282
11.120949
10.070474
8.761376
9.868891
10.233574
9.340677
10.375977
11.836519
16.294431
9.251753
9.927435
9.941374
10.051440
9.242867
9.611049
9.804720
9.376156
10.072061
9.505732
9.325124
9.940056
9.398912
9.208791
10.962288
9.452843
10.156811
24.785372
10.561882
9.577050
9.404172
9.582565
9.342221
9.761070
9.496426
10.053460
10.315773
10.137403
9.208055
9.513753
10.504473
10.144299
10.137357
10.894470
9.599336
10.479971
9.790583
9.371963
10.039483
8.811106
9.313176
9.483966
9.957335
12.095757
11.962334
10.160478
10.495087
9.838321
9.944141
9.302752
10.605231
10.965007
9.145558
9.511134
9.812018
9.454682
12.514015
10.008554
11.390280
10.300582
15.062692
11.314308
10.817965
12.351055
18.574885
12.153165
16.713809
21.155418
23.347449
14.972141
48.822040
35.375076
15.222291
28.855064
80.303577
75.409678
68.123663
70.081279
38.796990
13.690539
23.121273
26.788536
10.084476
10.377036
22.082839
16.067685
9.111522
9.955557
9.825219
8.986794
9.420513
9.423810
10.159719
9.415074
20.832427
82.311783
71.591333
12.355326
15.564215
68.502467
10.201993
11.873823
9.997644
37.764205
9.532219
11.867646
9.750651
10.098581
9.403807
9.957985
9.182755
13.228027
12.700863
10.463401
24.054418
10.080853
10.543368
12.005922
10.148205
8.950712
10.663169
11.166343
10.871600
9.189016
9.845201
10.552777
16.103711
31.858695
31.647427
71.741294
13.399522
11.562349
53.863083
11.053608
13.791071
12.575298
10.447423
10.028360
9.761559
9.042953
19.181655
23.273040
38.372128
10.247647
11.103245
11.549257
22.415012
11.856159
14.177699
9.877125
10.154748
9.966480
13.602755
9.652747
15.086645
10.074227
13.515610
9.416502
9.739101
9.069813
9.516741
11.096920
9.099397
10.093049
9.438326
9.609946
8.762180
10.371327
11.020716
10.179529
10.675474
13.893190
21.445035
9.094377
9.836809
9.205011
14.116162
9.775581
9.447025
9.098707
11.210672
10.328595
8.689502
9.272677
9.495134
9.982599
11.503951
9.320375
10.860538
19.471451
12.737315
12.062661
15.624413
9.197032
9.173884
9.880503
16.800862
10.013589
9.307266
8.896776
9.922837
10.018560
9.315646
11.724973
10.558222
9.655098
10.039805
9.392861
19.711977
24.454623
13.802382
31.159689
44.190251
8.959705
9.728975
14.006350
10.532404
9.950887
11.740485
9.339781
9.091552
13.179541
9.394586
10.381478
11.274133
11.184394
9.161377
9.277878
14.659420
17.415418
14.456560
25.978304
10.245635
10.790181
9.245899
20.326290
21.204374
10.082096
10.194212
8.817093
9.369393
9.812128
9.816497
10.030493
9.901357
9.114838
9.285553
9.812751
9.848168
9.492875
10.129194
9.599405
10.515911
9.290742
9.727865
13.989708
85.383927
12.270600
12.621602
9.117997
9.670631
9.441442
9.566879
10.389710
12.083607
11.514907
15.003586
26.117681
22.256848
20.751068
13.100315
82.205029
98.920518
12.778696
13.364842
27.408668
9.448352
12.256958
11.792974
11.705018
10.332589
9.320070
9.420384
9.258741
9.154315
17.601029
9.041598
12.413401
9.662174
9.710025
10.193541
10.483415
9.897690
11.744691
9.864901
16.876705
8.955504
11.558232
12.553610
12.878359
19.669324
48.881012
24.921528
9.634760
9.297893
10.872553
14.070611
9.007047
9.946557
9.742320
9.494583
12.340085
9.625619
9.754300
9.514877
12.022331
8.943948
11.295618
12.128447
9.119527
12.080554
9.358198
9.901181
14.212348
10.175036
9.801320
9.640901
9.469573
9.596216
9.616212
9.455533
13.018797
12.968332
12.228636
9.386965
15.194058
9.427727
10.450548
9.814308
15.956847
17.243940
10.267203
11.894724
10.304624
10.305689
9.258970
10.481322
8.876336
9.537595
11.545522
9.537378
9.961138
9.161489
12.128493
9.156664
10.552562
9.589307
10.055731
9.665359
9.347414
9.343112
9.920387
9.346323
9.531433
10.186681
10.327886
9.327621
10.431875
9.325358
18.771631
14.524400
17.446324
9.232794
10.340167
9.618675
10.358108
9.701173
9.429985
9.499671
8.691568
9.111569
10.105940
9.743205
9.407524
9.698090
16.327806
10.272823
9.926109
9.152835
10.789861
10.840142
9.084882
9.388270
10.863824
8.667076
8.925973
9.396381
8.954882
9.377300
11.424227
9.626572
9.774221
11.012096
10.890485
9.286294
9.018204
9.213665
9.749954
9.362731
9.908376
10.630040
12.512559
12.945824
18.648063
8.887433
11.897190
24.724648
9.049206
9.821596
9.418193
10.247090
10.292061
9.719798
9.876878
8.899093
10.380941
9.925433
15.207617
9.162819
10.195941
10.387562
9.357899
9.657245
19.293544
11.215790
9.251786
9.046199
9.557904
10.491614
11.063684
8.967650
9.275906
9.949308
9.670287
9.323136
11.989770
10.717652
9.058224
9.941897
9.787128
9.549890
9.219762
10.828470
29.507971
9.233722
9.873473
9.249619
9.288160
9.592683
9.389132
9.992014
19.993657
23.880536
30.565673
34.238798
72.950391
29.976929
85.588831
78.257909
60.621651
67.802059
75.083512
66.250906
30.792563
59.432439
45.944619
14.965023
16.774679
54.631373
9.215383
9.500160
8.843230
9.137351
11.113430
9.167323
29.548685
118.975635
101.541733
97.831991
173.835035
193.393469
90.074516
72.710920
105.696568
84.170374
16.272447
59.350084
53.679907
10.049846
10.510282
9.697724
9.161455
9.418877
9.547186
9.326355
11.858016
9.893120
102.039463
9.815146
12.737465
12.760965
13.359734
15.965777
12.127392
9.296294
12.914232
8.935797
9.578197
14.035992
9.973653
25.626119
10.003519
8.903973
10.029437
8.944231
13.239531
10.518058
21.859753
10.722315
9.768916
16.391581
19.425541
9.129698
23.732112
23.874582
12.154779
11.721467
18.407127
19.519148
14.810179
9.787847
9.307040
11.285213
9.382096
31.889081
9.496695
9.664188
11.494653
10.115032
13.490143
12.771274
13.372318
11.627853
12.726015
9.431730
10.549620
9.551443
13.348909
10.776837
10.963826
8.838279
8.920309
9.282511
10.535377
9.568854
9.374324
9.928382
9.580217
9.692823
10.579603
11.864076
23.318722
8.782996
9.598283
9.001118
10.031743
8.865335
10.069389
8.894605
8.921794
9.850415
10.390746
10.560370
11.888253
9.967096
8.831878
9.050600
50.154535
9.979758
9.564917
9.916751
18.567620
10.244853
18.044402
9.234661
9.315448
9.797051
9.599415
9.535103
9.033167
8.954527
9.583296
9.346390
11.247621
9.378814
9.299360
13.015271
10.138098
9.572595
9.349436
9.537948
12.113830
9.426981
15.867041
12.207173
9.689597
9.009837
11.053923
9.771139
8.907583
9.623297
9.459989
12.692764
36.823148
37.274605
8.899387
9.389539
9.414326
32.508696
9.289028
9.525042
10.968616
11.071092
9.259101
9.223342
8.553780
9.486474
10.267518
14.388427
9.755457
9.422290
9.753438
9.499211
10.069488
10.384417
10.439634
11.361324
9.417587
14.466780
9.333980
9.920825
8.944132
8.886602
9.312443
9.685833
11.032840
21.698910
24.253316
40.359686
88.916920
21.400871
127.476096
89.738647
47.326875
44.228731
61.700723
9.735573
10.296883
16.598055
9.028012
9.670140
9.007501
9.043983
9.223825
12.154805
23.443169
9.552827
15.807347
12.853746
11.590485
18.685525
12.159460
19.609463
19.445617
16.077628
9.400724
10.709472
47.960655
11.288627
10.844205
9.541614
9.161886
8.970969
9.052112
9.165333
11.481344
9.587294
9.566432
9.517996
8.597340
9.676708
8.599420
9.222319
9.234307
9.613273
8.987304
9.183515
14.864630
10.461043
9.292892
11.654709
13.463900
8.650858
9.396477
8.957707
9.596476
8.715648
9.053724
9.384417
8.621592
11.597773
9.005383
8.843498
8.562765
10.716986
8.819689
11.653143
13.044740
9.622456
8.958675
9.907591
12.657346
22.122032
18.237885
9.325929
9.675455
15.620516
13.206918
14.894016
8.969492
9.562420
9.671266
9.480286
9.465425
9.917152
9.040752
9.176975
12.817132
10.389800
9.217476
10.700020
13.530705
8.794832
9.477505
9.360937
9.148085
10.732814
18.349588
9.856491
9.464953
9.383691
8.943512
8.890961
10.412567
12.277404
8.598719
9.832367
10.484069
8.862508
8.707959
9.387871
13.910289
9.398918
8.974928
9.734555
9.445304
9.590508
9.033778
9.776594
9.042169
10.359611
8.816713
8.776492
11.061083
9.500666
10.383858
9.418240
9.209944
8.705775
8.847400
9.735776
14.810059
9.615572
9.789811
9.155451
9.202845
9.086497
8.813477
9.568418
9.214677
10.047305
9.112247
12.706143
11.378315
9.747211
11.352855
10.030695
32.286052
9.889433
9.408739
9.255711
17.706691
8.774867
11.470145
9.396945
9.592233
8.812085
8.721160
9.016981
8.704475
13.357397
9.443268
9.604601
10.307873
9.074012
8.675971
9.867907
8.848597
9.361655
8.988592
10.169771
9.209074
13.916300
11.927048
9.974080
9.558943
9.219134
8.901418
9.413294
11.988354
9.717442
9.107314
10.059964
11.025260
9.662824
9.615585
8.892211
9.921413
8.994759
8.945207
10.756749
10.090963
8.988968
11.563265
26.295162
72.621603
17.460759
12.782965
13.678000
10.569191
15.040081
9.552670
9.361172
10.425789
8.954747
9.596058
9.480495
9.630243
9.449085
8.912812
26.214817
31.955485
9.152949
10.299518
12.134148
10.707841
10.411664
9.809468
12.749446
33.363818
21.641126
14.481503
12.486409
13.381317
13.612019
17.732220
10.267918
9.807910
9.763790
9.234759
35.053500
10.667901
9.298246
9.818583
12.971895
25.626498
19.926561
9.537241
9.233383
9.739325
9.531886
9.184354
8.796505
9.529037
9.621914
9.124008
9.036165
11.088002
10.370293
8.857796
9.950654
9.565485
9.711912
10.343311
9.997376
8.792412
9.401623
9.846378
11.946147
9.623498
9.315326
8.618260
8.733151
9.672666
9.935934
8.974010
9.087544
9.157816
9.125217
9.834072
10.009075
9.517381
11.012583
11.290373
12.822247
9.114842
9.961931
10.263997
9.721733
9.079893
9.893569
9.070908
9.103080
9.451272
9.604396
10.446811
10.911378
8.541501
8.904576
19.168642
9.240349
9.792800
9.413679
8.968432
9.683084
10.020309
8.811418
9.206928
9.106618
11.942044
9.182457
13.969795
12.843423
9.755556
9.119811
9.874364
8.823841
9.403849
9.458435
18.533886
9.021687
9.182745
9.205952
9.414489
9.584133
9.054273
9.104371
9.639617
9.533307
13.162483
10.325357
9.006789
10.501100
9.694439
9.507073
9.526085
9.147658
10.153411
9.220125
10.163235
9.085133
9.756945
8.745820
8.977028
10.650545
8.817339
8.962853
8.963952
9.317545
9.095033
10.155609
9.406696
8.768327
9.632870
9.169861
11.122278
9.318400
8.771483
9.524314
11.133207
8.791562
9.597381
8.878076
9.267855
13.226556
8.979216
9.467015
10.576707
11.553346
8.623968
10.914514
9.538902
9.012054
9.928623
10.512732
11.635242
8.916530
8.865875
9.494564
10.526395
9.092826
10.078841
17.065485
24.453912
10.006804
9.967419
9.294805
9.348697
11.468490
10.075835
14.244499
8.943844
9.669755
10.437964
10.715762
9.243598
9.697994
181.081713
165.033409
164.626554
142.050392
217.004053
67.205689
176.639823
80.408616
240.572192
56.420874
47.664139
62.265378
44.212283
189.758709
84.508193
94.813502
71.303434
62.702266
13.552489
68.164211
8.946226
9.312769
9.592605
17.053980
9.201809
10.309688
10.727278
10.137324
12.033018
14.160677
76.878662
16.383227
88.642796
90.053576
14.410749
95.260574
106.166364
22.125347
180.412986
270.376927
94.041090
85.850675
11.314935
65.134690
13.029343
12.489477
65.472558
9.968366
11.599271
9.492030
9.169724
12.617677
13.499726
10.839350
20.238735
13.257752
9.896680
9.483979
194.304139
112.001931
11.885791
16.681390
94.592990
26.401983
64.398809
81.010006
14.975556
10.349869
74.717387
68.891667
9.212075
67.419015
10.445307
12.193009
14.686684
9.138814
9.847929
9.819321
28.861871
22.445967
11.940797
20.463245
21.435406
72.307787
16.654712
85.646848
90.325364
84.117174
23.845894
32.134656
83.147970
29.291404
70.171739
63.478286
74.803512
71.801206
55.832579
83.679949
66.155708
69.102198
9.818699
12.570828
9.029453
13.384784
17.045558
8.931728
8.811252
8.632256
8.583896
9.336916
8.790525
9.245742
17.369205
17.784870
12.974802
8.941091
13.669310
86.635489
11.002584
90.156035
9.318136
10.130953
8.943345
8.934844
9.563513
8.943527
9.158440
9.479627
8.979227
9.813565
9.874030
9.324629
10.237763
9.617278
10.745828
8.780948
13.980413
91.143792
9.742507
9.875140
11.393806
9.951065
9.670092
9.105177
12.000555
8.995416
9.065158
9.363109
8.695174
9.385938
9.358253
12.945469
9.004739
9.324394
9.487152
8.759525
20.549878
26.200995
9.924841
8.830173
10.668414
15.194439
22.451347
9.338636
15.740666
9.331974
11.898276
19.857845
13.715556
31.341945
11.074244
29.547632
9.231496
15.435217
15.288692
9.693005
46.297632
18.332603
9.330124
12.207914
9.595786
11.868748
9.260835
9.047116
9.547671
9.405274
9.004653
13.279504
11.189458
9.131075
8.622982
9.272618
8.825230
10.926063
12.593670
9.097262
83.460580
43.015441
64.573811
18.498456
26.758938
17.545710
16.141511
9.040087
9.397072
10.763927
9.289355
10.568779
9.723954
8.833776
8.805753
9.169433
10.712750
19.586510
14.100637
13.058666
14.096364
9.787386
10.145755
10.026742
9.166094
9.721909
9.450017
11.434686
16.818604
9.627140
10.920043
11.271221
11.719533
9.127930
8.917874
10.410509
9.404965
9.236661
9.077398
13.036790
82.462175
35.515857
11.872572
29.412546
9.814500
9.716182
9.772863
10.220095
10.078107
8.743117
9.186239
10.393621
16.274735
9.656954
9.526254
9.218982
10.006129
9.085983
9.548387
9.040791
11.273850
9.199389
9.224175
10.026446
9.353584
9.806745
9.104819
9.222273
8.966120
9.705694
10.183766
9.419967
9.729566
10.465250
9.514209
9.085410
8.898518
8.957868
13.080334
10.048080
19.164763
9.250575
10.007557
9.339924
9.725575
10.002095
14.676165
9.183044
9.450906
9.238438
8.828352
9.652590
9.584328
9.827298
8.549819
9.379467
9.575018
9.706002
10.304604
8.846965
9.733362
9.294443
12.545120
9.526703
9.694738
12.789952
9.296135
10.739586
10.379719
9.017329
9.014022
9.962472
9.860632
8.964255
8.988367
8.739789
9.174917
9.719295
8.659565
9.422834
10.530079
9.176963
9.458189
9.069921
12.292625
10.510678
10.094576
9.449367
9.090951
9.396873
9.649280
9.820387
10.593557
9.844559
9.409902
9.484498
11.144678
9.369665
10.025669
9.113617
9.791273
9.457192
11.233298
8.746137
10.222232
12.330682
9.751838
9.961015
9.049157
9.217676
9.090787
9.670631
14.436838
11.597974
9.024929
9.139829
9.235129
9.341082
9.788306
9.767198
9.508605
9.796400
9.576589
9.132843
9.609903
16.927099
9.253056
10.169629
13.239075
8.920254
9.078054
9.097206
8.942895
11.534760
9.272624
9.108630
10.003974
9.654859
10.047314
9.105197
9.190440
19.938127
11.062710
9.099066
9.761145
9.220972
8.839681
9.908228
9.244571
9.150926
8.770624
9.987410
9.420762
9.060057
9.186888
8.964991
15.079137
9.460534
13.145727
8.739455
15.756677
15.704632
12.174267
12.228058
14.274731
9.883050
8.776417
9.292519
9.589786
9.241801
9.374080
8.933827
9.508420
9.114156
9.892005
9.223609
9.280312
9.403297
10.031735
9.137506
9.133509
12.458261
9.945717
10.688298
9.327866
9.745014
11.967006
9.796299
9.574813
8.576907
8.782004
10.075826
10.547220
9.206480
9.146839
9.229487
8.911457
9.592796
9.673070
9.236941
9.056106
23.803683
13.070939
11.098280
16.819930
15.028125
9.147248
10.407121
9.043552
9.189390
11.011930
9.529981
9.386063
9.794203
9.622563
9.852481
10.009478
9.464290
9.294497
9.042650
9.113886
9.567921
8.662043
9.083262
8.821980
10.825876
9.571604
11.429329
9.740915
9.068797
10.553945
8.980893
9.191307
9.448742
9.065122
9.235520
9.470184
9.686860
9.785152
9.422973
9.011654
13.178968
12.340403
9.100360
10.167929
14.938760
30.587142
15.836513
10.211731
8.926896
8.946704
9.034432
8.919030
9.110003
9.197390
9.976590
9.356680
9.858375
9.627302
9.307374
9.182463
10.578771
10.852565
9.391869
8.971880
9.186457
8.882583
9.472652
9.914429
9.213753
9.903595
9.503932
9.144881
8.772561
10.191931
11.219864
9.305143
9.438241
9.516282
10.147606
9.454057
12.579924
8.799702
8.813248
9.244338
8.942155
9.460697
9.109298
9.522628
9.472520
9.177458
10.036813
9.672489
9.500739
9.479133
9.147727
8.666558
10.345341
9.001002
9.751914
9.151115
10.525880
8.802917
10.945959
12.384842
11.468612
9.184012
11.742598
11.144659
11.002667
10.362878
11.901370
13.088774
12.466143
12.234944
10.384876
9.054554
11.616466
10.576125
9.802689
34.934815
46.047330
13.606036
15.205469
9.514024
8.852501
12.297096
12.140467
12.653004
11.334091
11.459884
13.210205
13.252623
12.369953
9.870830
9.314104
9.040518
9.360006
8.913207
9.411149
21.077722
11.596105
9.364791
9.369333
9.056970
8.769498
9.180193
9.701454
10.281414
9.289127
11.979766
8.712815
9.360451
9.173815
9.460356
9.025005
9.079899
9.757986
8.887957
26.726383
67.027921
15.262281
9.141119
9.504845
8.711544
9.003600
9.507447
8.871845
9.124750
8.990155
9.579123
9.060112
9.234918
9.032683
9.055648
8.705168
9.228058
9.535501
12.451182
9.071382
8.830410
9.226993
9.655910
8.875215
9.125522
9.288963
10.123201
8.593301
9.143460
8.677486
8.445613
8.717527
9.086772
9.444140
8.915260
9.362803
9.635166
9.866321
9.667242
8.955654
9.344952
9.407968
9.304169
9.225835
11.854670
12.500890
13.052276
14.182592
18.546395
13.291838
9.152618
9.032396
9.299320
9.646217
10.476033
9.503502
9.179365
9.432891
11.032673
9.438362
9.040096
10.046418
9.440609
9.549110
9.813913
9.786277
9.576288
12.042068
14.193534
9.125548
11.947652
9.252969
8.960503
8.933537
9.381700
9.685840
9.644353
9.713941
9.507412
14.181146
9.087399
10.074734
9.572987
9.542272