210.744056
50.308806
268.866755
259.371474
7.354785
6.794199
9.105413
11.219450
11.423206
11.115629
14.036844
10.288634
9.370675
9.721479
12.650545
73.373586
78.774502
51.893072
129.681514
106.453218
18.274512
24.067694
23.565411
51.487816
32.868709
24.739326
8.388469
5.809481
8.882803
6.778493
7.646042
6.415529
7.675136
6.614036
6.172487
12.608659
13.685992
86.625175
15.884990
6.478315
7.460372
9.664774
10.649261
7.385183
7.524495
12.729346
14.511230
11.766978
12.559173
11.754432
12.091449
10.325264
7.367443
7.443908
7.463498
9.511917
14.041577
6.750772
12.002976
7.783835
6.456963
8.023284
12.896347
8.358201
8.160182
17.430747
6.699582
6.172496
6.763221
6.119894
6.444961
6.404075
6.303861
5.887811
6.148905
8.345417
9.633738
6.345505
9.720889
7.129912
8.762516
7.930572
13.464146
8.702585
7.188848
7.475274
6.705375
6.188825
9.444385
6.947842
6.495226
5.888560
5.822349
5.874417
5.956625
13.977814
13.013610
6.092470
10.318617
9.018284
7.208573
9.811042
11.515720
16.325966
6.396564
7.469971
6.065277
5.795589
6.429188
6.356831
6.119458
6.204483
6.355233
7.414957
10.038013
13.153694
36.088862
8.801984
11.975511
14.496015
6.352997
6.423310
6.211061
7.212575
5.632025
6.731721
6.554337
6.732620
7.697874
6.813377
6.498505
6.013739
5.977882
6.176646
5.760922
7.458400
8.833094
7.048133
7.543753
6.853517
6.210363
6.883831
6.511477
7.663702
7.134355
6.790611
6.339883
8.284510
8.271578
6.223780
6.224108
6.470829
6.659037
6.098372
5.873408
7.299999
7.046941
11.603244
7.687601
6.289264
6.416866
6.125224
6.081580
5.931910
5.533983
8.465296
6.666777
6.132924
6.907367
6.138576
7.194638
6.696558
5.970133
6.177115
6.195056
7.205954
6.893526
12.206573
7.521763
8.634706
12.095952
7.104218
7.856106
7.741328
6.505939
7.871943
7.565206
9.012578
7.363332
6.905726
8.937061
6.223152
6.126468
5.899102
8.214581
7.463550
6.921391
8.666799
7.209643
10.152419
6.755196
7.261842
8.210756
8.138513
7.061459
7.571167
7.569901
7.495517
7.554276
6.008306
6.354405
6.035048
5.703005
9.502270
5.936326
7.297664
6.084080
11.445671
7.216202
7.611791
6.205118
6.667566
8.101229
7.335253
7.927757
6.664351
9.218417
6.182508
5.967050
6.410867
5.726715
6.360469
5.789520
5.687390
6.625392
11.079444
6.014039
8.091198
6.747969
8.742072
6.110780
22.315457
11.721031
11.347256
29.330711
12.663520
33.696337
12.071041
11.512336
10.468198
8.818335
9.487204
8.168672
8.139846
6.317491
7.956831
7.086120
6.833740
6.228761
11.853914
7.265766
6.525070
5.542294
5.534435
6.299584
7.934419
6.225003
9.269545
6.952204
7.474935
5.896143
6.436559
10.688143
9.736505
7.183558
7.042198
5.954743
6.780555
5.966433
8.203770
6.036851
5.871338
5.625225
5.625203
6.155560
6.666505
6.347173
8.116589
7.266542
6.269526
5.646687
6.218202
5.780971
6.078108
5.722643
7.307439
7.013849
8.187677
6.650094
10.969980
5.578755
5.941339
5.858040
6.309978
6.231520
6.498268
5.842923
7.124456
6.616341
6.416597
5.760566
6.649559
7.379258
7.306547
6.588543
12.764067
9.702230
14.251944
17.067099
17.004686
7.905136
7.130784
8.201309
7.946301
8.836365
9.492109
6.163098
7.105051
6.296054
7.430173
6.807686
6.600457
6.044717
6.653206
5.972341
5.681671
6.239947
6.034173
6.084321
6.346213
5.880713
5.778079
5.704332
5.344918
6.491541
6.818014
5.797125
5.975052
5.968966
5.933033
6.850700
6.315382
6.743293
6.253503
6.766362
6.540579
6.769405
10.453223
7.828268
11.321417
6.029397
6.388406
5.827590
5.878280
6.571300
5.950270
5.981613
5.773598
5.962436
5.742170
6.008522
5.838193
6.164444
5.719932
6.049773
6.057612
7.653733
5.862882
5.803326
6.930495
8.481295
14.936923
21.476402
17.167653
12.570381
6.815175
6.853074
6.481660
5.766071
6.859450
10.032948
6.023881
5.752023
6.452173
8.861367
12.527608
7.240993
5.593235
6.002813
6.370535
5.604173
5.864604
6.600567
7.012430
5.683661
6.802502
6.496850
6.019087
5.790615
6.085707
6.256592
6.270395
6.007280
5.624915
5.701560
8.538095
6.046709
6.479786
5.897177
7.725974
5.818901
5.696549
5.589698
6.238380
5.803842
6.458331
6.050283
6.415013
5.998962
5.820876
6.445542
6.035544
5.884595
7.598616
5.972236
6.023199
5.462629
5.524850
6.264049
6.884942
17.632424
18.542820
16.622152
12.797152
24.403971
9.707422
10.505372
9.719230
11.287704
11.750779
10.001668
9.629382
6.729626
5.903627
5.961710
7.000393
6.451203
6.397607
7.324301
6.259407
8.803875
7.079814
5.883380
9.094818
13.241057
6.009178
5.917797
6.548382
6.357079
6.012611
9.641657
6.358475
5.966656
6.779196
7.566438
7.041151
5.775919
5.950220
5.950432
6.271082
6.836157
6.205383
9.191842
8.915698
8.389368
6.328389
5.751545
7.394003
7.010536
5.767388
5.828804
6.218347
5.661032
6.953070
6.156274
5.817532
6.252084
5.850386
6.235957
6.125862
6.317181
5.984060
5.741370
6.763170
5.962740
6.725491
8.078984
6.287270
6.965421
6.540091
7.792294
7.740144
6.751108
5.712306
5.560729
6.346789
6.659685
5.999128
5.898558
8.349128
9.705577
6.582999
5.599293
6.558754
6.246358
5.759002
5.718614
6.093151
6.430371
5.638500
5.550438
5.836629
5.674801
5.754526
6.041158
5.629223
5.993781
5.942145
6.234241
6.450214
5.935152
5.568160
5.635820
6.414428
8.441465
7.030083
6.212208
5.933142
6.467610
8.625393
6.251906
7.309473
5.418312
5.636534
5.587095
5.605548
7.290616
5.816062
6.383815
6.290968
5.587531
6.864612
8.367527
6.537700
6.686713
5.632036
6.067908
5.507723
6.175241
5.969297
5.564324
5.697544
5.830498
5.976143
5.563443
5.835274
5.563617
5.669436
5.738628
6.082992
5.806434
5.823987
5.908366
6.801283
7.649744
6.086107
12.726484
5.519214
7.480029
5.829479
6.191577
5.774575
5.895591
5.969425
7.208784
6.162929
5.819098
5.827183
8.236527
6.860305
5.674583
5.838735
7.221960
6.254352
6.416460
9.080771
7.475874
9.255104
7.050096
5.702076
5.966701
5.501941
5.611814
5.779205
5.872592
5.408778
5.536606
5.610119
5.520968
5.964580
5.729749
7.010889
6.826446
5.940587
5.971644
7.765542
13.584294
13.815069
6.386361
7.000135
5.782872
5.560812
5.819516
5.588059
5.899336
5.750813
6.105204
5.735397
6.483724
8.950395
7.865587
6.774363
13.804800
8.333218
16.938671
7.617163
5.421051
7.266459
7.684117
12.306397
5.780760
5.683553
5.552048
5.632630
6.380551
5.746677
5.735806
5.580926
5.631800
6.071006
5.855033
6.661392
6.562377
6.201350
9.164053
5.463403
5.652768
6.631016
5.634671
5.734622
7.092235
5.986006
5.683487
5.868712
5.916329
5.703191
5.526478
5.624991
5.488176
7.382215
5.602119
5.824129
6.353925
6.310983
7.185333
5.827245
5.646451
6.627586
7.355567
8.565628
6.724565
5.615224
5.918047
6.192784
5.926866
5.991738
6.158674
5.965116
6.426417
6.358328
5.538048
6.233909
6.367613
6.178292
8.044221
5.799464
5.522787
5.936176
5.943637
5.935933
6.427924
6.205042
5.433180
5.692262
5.778055
5.320541
5.772757
5.998791
7.630594
11.836473
7.002093
7.116069
7.001310
7.371196
6.828295
7.138083
6.677635
8.028856
6.212764
5.870746
6.253942
7.113567
5.350062
5.913646
5.455905
5.806308
5.902669
6.204251
6.878704
5.996802
5.764447
6.244697
10.435230
6.345808
6.028193
6.508757
5.705162
6.074419
6.209799
5.652076
6.009617
5.898517
5.421817
5.967349
5.899885
5.616360
5.815718
5.806526
6.339823
6.167549
5.711788
5.800410
5.878925
5.619683
5.321996
6.233256
5.728744
6.292479
7.602145
5.935064
6.026576
6.103277
5.962467
6.163884
5.629217
7.556329
6.941044
5.691757
5.931318
5.647300
5.769443
5.686950
5.981249
5.896772
5.924879
12.324464
6.231435
7.690288
7.533896
5.698457
5.564173
5.726053
5.514061
5.894114
5.785935
6.261261
8.618194
6.079480
6.469487
5.609016
5.598199
5.872702
6.077886
7.797774
7.357431
6.155046
5.755514
5.645658
5.371349
5.365342
6.052395
5.574309
5.822771
5.967295
5.903166
6.023940
6.116899
6.176361
6.635907
6.184627
5.722270
5.403503
5.572669
6.322875
6.262204
6.556869
6.285159
6.076841
6.144596
5.732480
6.239295
6.110395
5.775758
6.669467
5.733295
5.868186
5.704797
5.477487
5.628542
11.154409
6.488681
5.600963
5.714364
7.096585
6.961363
5.976568
5.853689
6.283730
5.987703
5.630375
5.444818
5.983429
5.761744
6.187865
5.580433
5.872750
5.972744
5.496441
5.759413
6.125484
6.718405
5.566724
5.861471
8.381992
13.152877
6.822286
7.610915
6.213563
5.829872
6.593662
5.878126
5.621372
5.571683
5.699022
6.023364
6.587350
6.231282
5.456148
5.722742
5.656362
5.615168
5.736168
5.932192
6.061353
6.335387
6.292946
6.100710
6.224739
6.922819
6.354007
6.151432
5.820052
5.953642
5.819649
6.709601
7.063823
7.938859
6.145163
7.220790
5.878624
5.938697
5.756651
7.780425
5.950533
5.551540
5.709020
5.377147
7.040736
6.323259
5.407654
5.972832
5.608398
5.746460
5.717161
5.606335
5.631400
6.017964
5.848407
6.220327
5.993061
6.567797
5.530615
5.773276
5.813545
6.088284
6.563372
6.950067
8.521242
8.553346
6.615899
9.599246
7.150388
7.022427
6.062284
5.692603
7.242325
7.182836
5.590173
6.412723
6.028316
5.692293
7.048047
6.199927
5.820210
5.640289
5.615813
5.837682
5.990206
6.409572
5.513715
5.969353
5.792335
5.706734
5.550536
6.120639
6.009753
6.349848
5.695634
5.655935
5.523555
6.993962
7.105102
6.502057
6.357560
7.100649
5.688612
5.474024
6.317854
6.010274
5.480644
10.797632
5.813110
6.342223
5.656074
5.636199
5.687890
6.155535
5.586664
5.517438
5.585919
9.478251
5.375554
5.713869
5.844846
9.213947
5.994496
5.608883
5.885719
6.010653
6.670626
5.775666
7.210881
5.358942
6.042816
5.443556
11.666593
6.605581
5.420804
8.587782
6.354753
6.619348
5.843700
6.913122
6.254717
6.576036
6.748485
6.478093
6.116502
5.877864
5.610989
5.854987
5.860945
5.602793
5.688258
5.459605
5.341024
6.117062
6.640907
5.309819
5.652514
8.494427
5.576293
6.963610
10.320799
7.501556
7.558040
7.162261
8.835570
9.792263
6.067280
6.510683
7.642024
7.516660
7.126386
6.955621
6.691533
6.686116
7.367780
7.553218
14.694040
7.809617
5.931549
5.496307
5.802996
6.122367
5.449245
5.887978
6.032760
5.492671
5.693113
5.424265
5.799981
5.785257
5.572820
5.291771
5.773778
5.818441
6.330369
6.197605
5.613070
5.333552
5.431862
5.601518
5.791655
6.668708
5.509501
6.523908
6.663373
5.566186
5.819653
5.805750
5.853765
6.659309
5.783059
5.428863
5.742297
10.186321
5.988947
6.104624
5.810993
5.612424
6.184340
6.611358
7.891303
5.582562
6.507341
5.670841
6.622038
6.565975
6.229876
5.615197
5.725105
7.330122
5.641576
5.936583
6.484824
7.948109
5.803673
5.995312
5.911549
5.841950
6.094864
7.340629
5.835629
5.430107
5.995765
5.563655
6.137275
5.906366
6.088051
6.916137
6.225703
6.058380
5.362770
5.380906
6.232640
7.282531
5.720837
7.591281
5.932515
6.466065
6.468834
6.163885
5.732559
5.434594
5.835524
5.798790
5.921773
6.704949
5.850642
6.054406
6.705671
9.074485
6.884639
6.844476
5.444611
6.201605
5.869521
6.143264
5.436768
5.511263
5.198800
5.898888
5.689486
5.384764
6.248896
5.472481
5.802116
9.294751
6.018293
5.751704
7.508454
5.812993
8.474708
5.633289
5.708869
5.963371
6.177490
9.867396
7.535946
5.475028
6.531685
7.284713
5.339514
5.422827
5.660905
5.816654
6.120383
5.901517
5.889585
5.618913
5.753877
5.470147
5.886614
5.630960
6.059991
6.362127
5.840608
5.904150
5.491042
7.788377
5.841786
7.497499
5.870519
6.428811
8.165314
5.813302
5.614208
5.861456
5.933101
5.684380
5.669318
5.791254
8.247529
5.447370
7.364653
8.537856
5.666150
5.356220
5.974675
5.440557
8.502799
11.437272
5.706637
5.577144
5.979660
5.927312
5.839423
8.155142
5.431504
5.369989
5.495251
5.509157
5.263772
5.434214
6.106671
5.876361
5.086442
5.377854
5.256302
5.345233
5.650126
5.777677
6.002964
6.005098
5.656743
5.683174
5.992410
6.233241
5.530475
5.685712
5.670730
5.374654
5.443537
5.218195
5.543516
5.660333
11.331529
12.728547
6.882962
5.522232
5.771933
5.991542
5.718500
5.628110
5.549513
6.001451
6.243007
7.695457
7.865565
6.484705
5.881973
6.079412
5.712995
5.703149
5.637176
6.166844
5.725552
5.316388
5.669894
5.812157
5.644871
5.288733
5.591881
5.890189
5.293482
5.863413
5.696017
5.370055
5.743442
5.686006
5.606327
5.401906
5.437432
5.429609
5.460999
5.913301
8.736029
7.187874
5.672037
5.730559
6.810808
5.320641
5.451091
6.206718
7.393834
5.554117
6.641295
6.421608
5.634169
5.833697
5.697479
7.302429
5.671896
5.324143
5.514119
5.427272
5.553831
5.514974
5.955622
6.975880
8.763291
8.435960
10.740320
11.549641
8.694247
5.830211
6.136183
6.611571
5.594933
5.634637
5.766756
5.839410
6.086310
5.859791
5.620897
5.237321
5.648680
5.468457
5.816576
5.655856
6.904204
7.937293
5.740007
6.230884
5.583586
6.398493
6.210158
7.765634
6.359739
5.502619
5.265060
5.212188
5.105577
5.533788
5.620523
5.667856
5.347495
5.220558
6.139344
5.446649
5.271626
5.508534
5.427009
5.374992
6.173949
5.677964
5.571953
6.085689
5.654573
5.499382
5.383292
5.104142
5.314890
5.681940
5.393388
5.337428
6.800754
7.214705
5.722409
5.409514
5.876099
6.616471
6.524217
5.949019
7.817566
6.398469
5.559319
6.157784
5.512693
5.565041
5.476621
5.968827
5.564584
7.582862
5.852694
5.715370
6.927559
6.980135
5.636555
6.022888
5.657100
7.197959
6.877045
5.980744
5.691252
5.588196
6.897197
5.669442
5.435931
5.719200
5.864293
5.625414
5.598744
6.106582
5.158608
6.028433
12.511813
9.808004
5.858744
5.620032
5.413355
8.607963
5.415468
5.799419
6.175231
5.667177
5.981254
7.021990
6.159946
6.393400
5.672670
5.539815
5.728650
5.483193
5.500944
5.652258
6.225680
6.575231
6.287271
5.413438
5.512089
5.923698
5.601097
6.445195
9.951427
5.797402
5.720188
5.829337
5.238058
9.698265
6.994796
5.550226
5.462419
5.937904
17.976628
19.500263
18.521850
28.922392
7.288541
5.771865
5.593058
5.534720
5.546663
5.618793
5.807440
5.583328
5.301753
5.634606
5.410238
5.838276
5.527908
5.127198
5.243331
5.160783
5.893315
5.173589
5.982501
6.366435
7.002418
5.512208
5.638135
5.508663
5.900901
5.943867
5.863381
5.357053
5.452214
6.006714
5.425148
5.816212
5.778229
5.975405
5.658338
5.889316
5.548156
5.651755
6.665750
8.539421
6.223766
5.652602
5.774278
6.128558
7.772103
8.588214
5.801207
5.942220
5.245213
5.094892
5.643464
5.134166
5.173203
5.240452
5.869446
5.319686
5.226385
5.707283
6.556362
6.558887
7.409122
7.718221
5.481035
5.370938
5.646463
5.415865
6.036010
6.348798
5.514336
5.812951
5.607284
6.047444
5.633144
5.223591
5.432263
6.348020
5.517070
5.495346
6.131471
7.395081
40.782642
5.462856
5.884243
5.700316
5.397106
5.744489
5.643556
6.328547
5.818183
5.157956
5.410336
5.864977
5.678452
5.423037
5.492933
5.409491
5.441002
6.485959
9.190762
11.962270
5.522657
5.483736
5.489299
6.519442
5.953474
6.303437
5.576676
6.370704
5.484126
5.375963
5.742094
5.325037
5.658776
5.327584
5.607860
5.326679
5.911387
5.427109
5.992852
7.195335
5.594785
5.490050
5.559013
5.882337
5.753598
5.983758
6.131988
5.764323
5.483680
6.354420
5.789403
5.870800
5.713786
5.386473
5.653029
5.430799
5.762718
5.390824
6.098353
5.890036
5.453812
5.523838
5.456063
5.465567
6.196751
7.033092
5.621408
5.878627
5.686802
5.718520
5.526608
5.589227
5.654898
8.018431
5.700658
5.215070
5.295639
6.217381
6.100897
6.807925
5.950942
7.438264
5.518490
5.762937
9.794355
7.002124
5.198475
6.020627
8.461556
7.788207
5.451170
5.570220
5.617329
5.489336
6.594930
5.714193
5.546036
5.434486
6.178614
6.251228
5.500167
5.340158
5.729481
7.223314
9.567767
14.579091
6.178768
5.622817
6.197945
5.852570
6.519704
5.599490
6.071843
5.462139
5.298270
6.650795
10.442709
11.806990
10.490366
11.495464
9.764739
7.315233
5.688451
7.218011
15.235563
21.620607
16.424194
7.347559
14.390738
14.557284
10.984892
8.282045
9.483787
5.647290
5.652736
5.340908
5.416082
6.710450
5.817879
6.051369
5.824932
5.484915
5.341205
5.537278
8.089245
8.583390
6.587291
5.268074
5.391072
5.749617
6.085204
5.768175
5.860764
7.491939
5.410572
5.422687
6.028378
6.044622
6.758140
9.057372
5.761530
5.609344
5.684100
5.976088
6.371970
9.703496
17.693577
7.077698
6.026142
7.443718
8.930756
5.882914
8.187662
5.879517
5.754293
5.129144
5.597391
5.782809
5.739141
5.743598
5.570090
5.653450
7.301865
6.904058
5.831791
13.014394
10.583033
6.070157
5.983886
5.440188
5.491046
5.622999
5.420352
5.515013
5.560593
5.467846
5.267123
5.514288
6.044384
5.100102
5.238439
6.184548
6.685032
6.564209
5.741727
12.106823
6.708611
6.614730
5.536344
5.774301
5.550477
5.531993
5.751454
5.452516
5.542284
6.304629
5.407923
5.898702
7.542141
6.865580
6.521819
5.830337
5.902608
6.678421
5.524934
6.947166
13.976523
5.731867
5.580611
7.214137
6.653718
5.613749
5.365387
5.535806
5.629089
5.283025
5.427063
6.464094
5.527739
7.343060
5.228248
5.719194
5.461435
5.679308
5.549634
6.491750
8.163180
7.307514
5.447058
5.750545
6.151412
5.375170
5.421698
5.502090
5.363407
5.483565
5.497539
6.798080
6.107243
10.001966
6.807582
5.753406
5.757518
5.630972
6.509378
6.171058
8.528880
9.583397
5.632985
5.372240
5.909316
5.725884
6.742161
7.689058
5.224412
6.078770
7.781192
17.529978
6.046195
7.679875
5.847341
5.391711
5.613572
5.673020
8.175984
5.280341
10.229041
11.084919
5.256966
5.552640
5.605248
5.407707
5.701620
5.257903
5.261851
5.270500
5.696147
5.836264
7.354601
10.296806
5.490774
5.921531
5.508556
5.679113
5.895236
5.465043
5.389542
19.112370
5.866817
5.315958
6.753339
5.669348
5.396298
5.421171
8.932077
12.770297
6.983852
7.037707
5.249922
6.227593
5.091588
5.462085
5.436459
6.079448
5.283732
8.920370
5.243145
9.232925
5.619184
5.713466
5.644700
5.294355
5.303499
5.511342
5.193420
5.349984
5.863235
5.645662
8.603436
6.724135
5.630462
5.352221
5.545744
5.475174
5.422205
5.333642
5.491333
5.736560
6.264061
6.154336
5.793930
5.591418
5.346283
5.850600
5.560554
5.772412
7.697849
5.877713
6.043713
7.149134
5.788150
5.842922
5.495401
5.432949
5.507159
5.563855
6.807190
14.194580
14.027548
13.032418
13.741788
6.216012
5.740429
5.645364
5.284681
5.541457
5.558068
5.389476
5.929177
6.132525
5.275397
5.735226
5.350422
5.695679
5.170961
5.335558
5.532038
7.616885
7.435879
7.500123
10.014378
5.540834
5.318223
5.299716
5.228136
5.197707
5.431673
5.613784
5.695523
5.757929
5.343807
5.217938
6.084158
5.510210
5.307704
5.220630
6.289039
6.623543
8.191975
19.578552
20.556788
16.258092
5.344805
5.384304
5.293143
5.269103
5.425287
5.424458
6.294266
6.322441
7.409519
7.690645
6.034426
5.544029
6.076413
5.473173
5.238450
5.741676
6.227440
6.411072
6.248050
8.958934
5.295391
5.451036
5.449454
5.123358
5.437174
5.302334
5.863857
6.095711
5.065283
5.399532
5.995725
5.667950
5.347461
5.320183
5.125989
5.979197
5.474954
6.101703
5.278308
8.870265
6.122421
5.440882
5.365163
5.642191
5.372710
5.372923
5.532942
8.159072
5.718628
5.302496
5.269075
7.666276
5.249456
5.619428
5.782789
6.040292
5.004065
5.826816
5.409176
9.957288
7.662740
8.189073
5.074876
5.351873
5.390474
5.276240
7.578712
6.845580
5.310999
5.996542
5.861987
6.289235
5.179938
5.481207
5.197963
5.710738
7.900594
5.949827
5.050285
14.895344
6.906761
5.180397
5.404660
5.439942
5.012644
5.147604
5.857257
7.144380
5.403338
5.816037
5.625805
5.712025
5.746454
5.456970
5.926856
5.702149
5.211895
5.953956
5.423012
5.218291
8.240360
5.160523
11.107077
9.664789
7.459975
6.769851
5.799641
6.115200
5.470984
5.638656
5.715881
6.921617
5.902666
5.457074
6.046946
5.775600
5.258693
5.783522
5.435061
5.710886
6.178664
5.497966
6.285224
5.902747
5.159787
5.709572
5.346025
6.163960
5.261612
5.376274
7.564937
5.587607
5.442953
5.811502
5.270609
6.063710
5.178104
5.650797
5.535781
5.686428
12.390484
5.314317
5.391805
5.232213
5.156519
5.869005
5.408975
6.077550
5.129801
5.350948
5.854619
8.222457
5.478370
5.963679
5.452945
5.353654
5.628811
5.850494
6.283429
5.661438
6.072518
5.486061
5.935654
6.669432
5.258153
7.106190
5.889020
6.136239
5.404763
5.472115
7.787331
7.217230
5.294703
6.109020
5.602767
5.576451
5.554287
5.886692
5.511833
6.759354
8.012095
5.896983
5.271794
5.447869
5.170207
5.649706
5.694894
5.857681
5.321277
5.913592
5.510784
10.080905
5.125374
5.761836
5.374628
5.470889
6.592203
6.021869
6.635601
5.786044
7.931543
5.888332
5.130314
5.359180
5.537922
5.497452
5.353698
6.117618
5.465431
7.913697
6.578718
7.818928
6.910511
9.278257
8.556202
5.909748
5.519362
5.635008
6.324204
5.116257
8.122979
5.359819
5.154466
6.798846
5.202362
5.416470
5.787399
5.967153
5.648860
5.607606
13.550327
15.954725
5.286480
5.580524
5.358486
5.977228
5.483192
5.492115
9.573422
5.605443
9.607435
6.920422
5.437862
8.406318
6.690595
5.362662
5.398471
6.203849
6.131149
5.435939
5.136142
5.132249
5.305673
5.436981
5.411740
5.478812
5.751648
5.328773
7.140886
7.208341
8.755130
8.725187
5.407720
5.637855
5.597858
5.371461
5.367611
6.188694
5.629702
5.343361
5.987874
6.055438
5.386897
5.845215
5.472292
5.904206
5.620226
9.880375
6.293479
5.687506
5.320326
7.137407
5.622290
5.245209
5.185922
5.360291
5.747807
6.137353
5.309932
5.722775
5.206228
5.303211
5.563541
5.528451
7.544233
6.205316
5.590275
5.262488
6.299829
13.025567
10.795128
9.978367
9.701905
5.698593
5.322680
5.815001
5.329847
5.440766
5.375263
5.260946
5.738212
5.449251
5.830685
5.538099
6.348393
6.371204
11.737915
5.359991
5.692878
5.703125
5.620969
5.369390
5.568640
5.560718
5.569607
5.456061
5.189726
5.378919
5.002523
5.591827
6.094444
7.123554
5.399772
5.676434
5.959910
6.120682
5.789833
5.983951
6.217385
5.427688
5.747677
5.690816
5.753139
5.615556
5.521535
5.722486
5.361709
5.777781
5.184478
5.505875
5.879822
5.726860
5.982204
5.705670
5.151591
5.710460
6.126127
5.802081
5.699285
6.147739
6.155406
5.926437
7.407077
5.842744
5.544328
5.369361
5.334607
5.939373
5.517102
6.343525
5.734328
5.783770
5.384404
6.410526
6.001801
6.488689
6.080672
6.466461
8.166244
6.512865
5.411376
6.132736
5.542450
5.125054
5.694568
12.174868
20.613208
7.077090
6.621087
5.528481
6.084911
7.943825
5.562102
6.779965
6.939446
7.290000
8.191236
7.874057
8.857551
5.281254
5.773269
5.644572
6.895195
5.636827
5.396046
7.602828
6.125186
6.932223
5.516685
6.003642
7.659839
11.010298
8.415508
10.802050
11.943945
9.073095
12.624788
8.168525
13.825834
8.630620
8.145364
8.879144
8.629126
6.921427
5.634968
5.954225
6.800263
7.090084
5.748770
5.570057
5.424741
5.991140
6.176674
8.590822
11.070459
6.373243
5.610584
6.327978
6.876518
9.779884
5.408131
6.625095
7.117703
9.061194
11.184537
5.702733
6.253720
6.215051