42.210490
284.945856
421.399770
71.196379
421.128122
60.496004
411.717469
89.327676
72.386109
9.000303
8.407193
7.835780
7.692696
6.907958
6.840615
9.793545
35.998858
77.778706
146.704436
115.103270
9.271363
10.254023
14.330297
16.044060
23.257195
26.812605
24.452212
8.470404
8.805409
7.459385
7.617953
6.983083
6.902702
6.537688
12.771788
8.057007
23.351990
69.770015
21.458158
77.093715
19.813643
13.550850
21.980894
26.548084
19.834453
25.510950
32.849385
16.602129
26.531700
16.062050
13.529329
9.802474
9.138389
7.093281
8.025848
6.512590
10.978825
9.985479
11.901226
6.645435
8.171664
8.339122
15.176663
11.394404
15.877215
15.700471
17.163920
6.113315
6.871150
7.905732
9.009792
6.735781
6.193716
5.871626
7.596077
7.892218
8.936013
9.348334
13.486548
15.692486
6.689835
9.626199
8.353764
9.192504
12.243854
11.860477
9.652962
7.667945
44.493879
40.400421
22.924842
5.734626
6.022997
6.181202
6.001205
6.689318
13.404753
70.340735
24.954907
8.190002
5.788960
6.114487
6.341995
5.958814
5.870629
7.792116
6.627941
7.008190
7.247502
9.420582
12.839351
6.919881
6.596152
6.667422
7.385745
7.826952
9.276297
7.059374
9.959033
11.354966
6.143659
6.785853
6.030390
5.941639
6.487780
8.305967
9.898139
9.370878
6.772059
8.230226
7.373903
6.208284
9.604712
6.138310
6.069084
6.592400
6.462786
9.111761
8.120823
12.227192
7.100845
6.989476
6.593283
6.401151
6.021868
6.565835
8.179698
7.869059
6.418268
6.786912
7.283121
6.193223
6.444231
7.762971
6.123981
6.415725
6.278998
12.768416
12.903071
17.012408
6.283571
6.253952
6.150974
5.935385
6.078356
9.226947
12.254437
10.946789
6.053805
6.899492
7.005622
6.428375
5.970659
6.237786
6.422468
6.597923
6.170551
12.409125
14.389909
11.544795
6.030166
7.563710
7.030365
5.733613
6.223342
8.022464
9.776370
9.099988
5.961765
6.876743
7.314157
7.175577
6.788278
11.751107
7.029642
6.210195
7.354181
8.825647
16.290639
6.959046
6.238023
6.533145
7.584180
6.662948
6.871096
6.598866
7.118832
8.726690
5.928346
7.475074
8.938517
5.757325
6.931734
7.275731
6.070307
5.878766
6.646066
7.479838
9.334715
6.413059
7.397236
10.571370
8.860212
8.500096
8.487899
12.021709
14.807876
12.354934
6.621892
7.865522
9.526006
9.686188
8.572986
5.880668
6.901968
7.274703
6.969620
6.485549
12.982150
7.655792
9.870399
8.623316
9.137159
10.329098
8.505859
7.721470
8.148286
8.065645
7.845097
8.642614
11.958125
12.089220
6.855005
6.357468
6.113853
6.597590
7.737369
6.474980
7.581417
8.213530
5.994825
6.601848
5.910849
6.428980
6.890783
6.728826
11.785801
9.334411
6.973739
15.874982
9.999565
6.275686
7.333160
6.237342
6.510477
6.202181
7.901237
7.088755
10.322695
6.020745
5.680694
5.920594
6.140838
6.284753
6.557689
6.305966
6.750689
7.018798
6.924167
6.438155
7.296092
6.126165
5.766736
6.236449
5.982679
6.325313
9.902161
9.418455
15.441524
10.195690
5.883380
6.609492
6.487250
5.948937
5.608730
6.105567
8.865058
10.453774
6.775586
7.221515
6.729800
7.411732
8.004531
6.014987
6.488069
7.021171
8.064379
7.663753
10.075493
15.113211
7.440345
7.527530
8.601327
9.769612
8.263695
6.133521
6.708769
6.475114
5.972197
7.612817
7.233753
7.590402
6.296739
7.003616
6.452724
6.053205
6.903790
6.927290
8.939230
8.823571
8.184556
7.889865
7.380304
7.877459
7.271923
6.247531
6.129290
6.332327
6.519403
6.767546
7.090768
6.372769
5.786552
6.916636
6.420656
6.479506
7.601953
7.209543
7.564448
20.622429
6.750559
8.853698
7.922944
8.029441
8.410489
6.120586
6.798985
7.054318
6.416561
7.155047
6.712962
6.251449
6.496444
6.511239
5.824521
5.956492
8.806527
8.397008
7.269366
10.495142
6.282890
10.691357
9.036345
13.043631
11.981931
10.005810
10.032234
10.199561
5.819918
6.213301
6.068626
6.469708
8.297339
6.514896
6.253754
6.103842
8.463968
11.675865
6.413845
9.571294
5.623985
7.512899
10.511829
9.943513
8.694850
6.308890
7.782377
6.416185
6.604961
7.144208
7.182779
6.360744
5.798362
6.082978
5.896787
6.279301
6.739538
17.313663
13.178025
6.218897
6.159958
9.153916
8.885794
7.414589
8.332041
6.412397
8.481709
7.337776
6.230195
6.861714
14.222761
5.761174
6.250853
6.146972
6.688276
5.675934
6.083504
6.070455
11.272341
6.400763
7.988001
8.805820
11.453268
9.401239
8.731530
8.165319
13.299329
19.338579
10.302787
6.351014
5.989337
5.934203
5.848497
6.372954
5.754971
5.935358
6.514107
6.440313
10.146155
7.777417
6.149860
6.643172
6.999840
11.374443
11.024024
6.289051
5.950624
5.943758
6.453249
11.292318
9.368007
7.174083
6.409839
6.316634
5.998699
7.865957
6.189832
6.719115
10.515855
12.866003
6.410872
10.140192
15.680252
12.239831
17.172938
7.191344
10.890851
11.305675
8.118655
6.085281
6.018015
5.735709
6.370762
5.688201
6.898326
5.973580
6.092509
6.074658
5.646541
10.541582
5.957310
9.013006
6.901200
9.268379
10.165288
6.509848
6.198276
6.120639
6.980171
6.257354
6.740511
7.521464
11.116612
7.173338
6.148792
5.993089
6.484355
6.690259
5.976441
6.218045
5.878901
5.757560
6.238096
6.028657
6.467338
7.422088
6.781010
5.953138
6.806869
6.295840
5.926013
5.705773
5.691436
5.722293
5.822071
6.410017
5.889572
5.958472
12.356422
6.231037
6.074754
5.994721
6.587782
6.570066
6.909647
7.134776
10.579245
15.907510
10.601514
6.484193
6.115450
6.762471
5.729869
5.822159
5.830488
5.806999
6.791952
7.040984
11.566979
10.495298
6.575119
7.359016
5.920057
8.744744
8.067126
9.657311
7.948851
8.820391
11.485294
7.066022
9.246409
6.190499
6.101296
6.934484
6.260653
8.539596
6.655881
7.006947
10.044556
11.861608
8.828399
7.340951
6.919129
12.149968
8.058186
12.568085
11.381972
11.684959
18.048366
15.038320
16.242943
6.210895
5.856099
5.829349
5.675502
8.548307
6.165357
9.935038
10.627634
9.906277
6.643680
7.810937
5.836655
10.327561
6.228575
7.585652
6.074282
12.668748
8.851488
5.624959
5.836991
5.783365
5.669275
6.317939
8.263198
6.022485
6.108694
7.786754
21.800782
6.975372
6.773547
6.397421
5.983907
9.181037
7.888637
7.161882
7.430812
6.531660
10.429237
12.692921
11.917117
9.831719
9.857401
24.101284
15.819193
6.095197
7.688087
6.465641
18.496174
15.306946
9.522425
13.331926
7.982143
6.186640
6.609916
5.726953
6.365009
6.131397
6.495737
5.992734
5.905154
5.857401
6.043783
6.357027
6.715118
7.004264
5.617763
8.402864
14.993516
12.712308
5.771723
7.002758
9.586452
6.135354
6.887506
5.868161
10.421406
9.145173
11.793247
12.167477
11.810646
8.096161
7.394558
5.846369
6.054210
7.552985
6.332335
11.374469
7.919903
6.822689
5.886199
6.579183
9.019437
12.909812
10.590014
9.224551
7.547429
7.726997
8.319942
8.446247
7.695963
6.857962
7.452609
5.696347
6.614616
5.922520
5.763451
7.935480
9.498919
7.848644
5.881458
6.999898
5.770154
7.143341
6.268899
5.658617
6.191911
6.034650
6.476106
5.827408
6.212495
6.292835
6.215352
6.319562
6.360204
5.999611
6.072388
10.174413
8.297093
10.174564
6.125790
6.779040
7.911365
6.650746
10.535092
7.193412
6.804838
6.056757
7.163210
7.263870
5.796934
5.692935
6.087804
5.858932
7.368525
6.495728
6.137611
20.882921
11.709326
12.105210
8.373669
5.859945
6.734845
5.776213
5.985016
7.099096
5.612296
6.860148
7.439640
6.534192
7.659235
5.635962
5.829870
6.125698
6.193886
7.039145
6.716630
9.049006
8.065265
8.632472
5.734297
5.851239
5.771506
10.782189
8.934547
6.691801
6.938883
9.272268
9.542811
7.926800
8.029956
6.739322
6.054986
6.024155
6.423315
6.608545
6.255190
6.378626
9.159668
6.435972
6.576659
6.118513
6.163252
6.535377
6.414846
6.437551
6.346008
6.137458
6.629995
5.898823
6.179642
6.246324
6.017040
6.669417
6.388271
6.616634
6.617726
5.697062
8.297045
8.153202
6.723097
5.682882
6.596397
6.717053
7.224100
7.406677
7.679654
5.851526
7.348278
6.534931
6.076482
5.776900
5.853774
6.269353
6.865095
8.762869
6.067418
8.191615
7.513459
6.764318
5.583694
6.108314
5.477411
5.552573
8.104414
7.305075
8.661634
6.692458
6.418615
7.541289
6.639422
6.209306
6.561526
5.876499
6.116778
6.613063
5.728789
18.330947
11.108021
12.055581
6.151763
5.918074
5.748262
6.777394
6.439214
6.471985
6.862608
5.953309
6.484149
6.028555
6.134846
5.669935
5.884903
6.007131
5.813429
6.227691
121.689125
30.654283
31.569102
29.688966
5.837853
6.437257
7.387475
6.242499
6.029553
7.376759
6.999538
6.393206
6.665719
10.621536
9.298712
9.696748
6.480590
6.237811
6.817973
6.711717
12.851070
6.487467
11.062642
11.995157
5.755753
6.967723
6.878809
5.524632
6.224387
7.635893
6.461928
6.642824
5.780552
6.563904
7.973486
8.175204
7.458403
9.038715
6.678471
11.680441
14.367755
70.975356
10.837631
12.057112
6.242002
5.948586
6.171513
6.142587
6.049519
5.929895
7.110230
5.622243
7.129591
6.121921
6.157003
5.765097
6.555607
6.010196
6.715209
6.378702
7.065042
5.988476
8.242677
8.347927
5.836710
6.020504
6.095322
6.292954
5.865899
6.037367
7.103373
6.373561
5.944922
7.870260
9.689214
5.884833
6.505498
6.217655
6.667464
5.982004
7.099656
6.389480
10.628568
29.083873
5.883605
6.619061
7.965174
6.546004
8.200793
6.538588
6.299748
6.000830
6.602522
6.369210
6.044010
6.445338
6.206325
5.881805
7.006488
6.591139
6.895808
6.480817
6.305509
13.893658
6.547763
6.690683
5.894964
6.356702
5.776963
5.772246
6.665331
5.571839
5.664550
5.970057
5.850791
5.641850
5.724291
5.748699
6.202257
6.585711
7.146751
6.372163
7.682688
13.474411
5.930492
6.332391
5.921325
6.098787
6.273341
6.029921
6.205527
6.229010
6.122960
5.667803
6.045914
5.876022
6.401605
5.521989
5.892790
6.715591
5.857771
6.178411
6.010394
9.577652
5.569809
7.907434
10.424743
6.141833
5.756005
6.657327
5.885616
5.642852
6.122139
6.301547
6.499974
9.240043
7.089343
7.458618
5.780652
5.823538
5.844373
10.006409
9.316852
16.825379
6.009028
8.400086
6.595998
8.394686
7.754829
7.382265
6.713795
5.979404
6.321515
7.211672
5.973188
5.592674
5.983856
5.671989
5.488616
5.608117
14.110805
47.933884
30.160904
8.881555
5.782167
6.214408
5.762619
6.429154
6.755513
7.107829
6.474164
6.485474
6.663584
6.925630
6.847999
5.618664
5.963129
5.573911
6.476647
5.681232
6.500429
10.326996
15.027660
6.212627
5.640000
6.295282
6.291743
6.151807
6.495010
7.354329
6.990502
5.816858
6.163139
9.132435
11.012387
10.829992
7.523685
6.595757
5.782763
6.456125
5.804011
11.911882
14.431832
6.949729
5.678028
6.099878
6.122511
6.330771
6.122846
6.678347
7.427966
7.902882
6.747839
6.066125
5.643811
6.089749
5.697164
5.718428
5.868470
6.193717
8.032190
6.516909
8.560051
9.014184
5.883378
5.940658
6.001124
6.137660
6.955207
8.798057
7.782258
6.314835
5.821094
5.530909
5.574414
5.618085
6.453134
6.262595
6.398896
6.261984
6.492610
12.759948
9.849109
7.679712
5.701570
6.919116
6.919120
5.691600
5.893958
6.022664
10.665540
6.748692
8.087562
8.195904
6.353919
6.789887
5.786773
6.244084
11.001746
6.720813
5.573322
5.717165
7.304054
6.834384
5.669172
6.033677
5.994923
6.490266
6.188265
6.953305
7.268148
6.836476
5.585549
5.594194
6.559220
6.701268
8.973278
6.043281
6.314936
6.190994
6.635230
5.512529
7.207997
6.157631
5.641673
6.119256
11.235226
6.835461
8.570119
6.232101
6.360571
7.724298
6.535590
6.577945
6.007871
5.803857
6.685015
5.869515
6.723080
9.277595
5.843646
8.385415
9.376681
7.538992
5.466546
5.853622
5.795744
5.816843
5.833492
5.952165
6.095448
7.312913
8.371556
5.886708
5.932193
5.462494
5.997934
5.822259
5.827931
7.503871
6.663358
6.267668
6.671989
5.747467
5.950257
5.948308
5.932633
6.308009
5.926028
6.064659
6.932596
6.562365
6.367627
6.090508
5.869455
7.339992
5.948208
5.917301
6.188771
7.187214
6.018719
8.703283
8.384268
7.835394
5.681715
5.607481
5.314958
5.422811
5.546715
6.404646
6.039920
6.393237
5.704524
7.591008
6.456397
6.645903
6.138006
7.179805
5.754574
7.320350
17.307528
8.752731
8.816007
12.447344
5.592588
5.909106
6.241254
6.152115
6.073130
5.419874
10.816127
6.283327
6.888743
8.855733
6.728758
5.811712
6.088105
5.652642
5.746981
6.448051
7.591750
5.775675
7.458878
10.931033
5.862790
5.907113
5.678544
5.664930
5.994871
6.240577
7.662443
7.924225
5.976241
7.727778
10.330489
12.407205
10.957678
5.935765
5.707665
6.066072
7.427367
6.291345
5.688592
5.918517
15.409567
6.186738
6.259973
5.500602
5.828760
6.070166
6.474330
7.029046
6.435126
6.203949
6.201572
5.648873
6.105429
6.640420
6.666392
5.454045
6.873195
6.421309
6.770141
6.388641
6.265877
6.154345
6.224427
7.105702
6.390366
6.122399
6.441498
7.345863
7.700590
9.521118
12.545848
5.608672
5.951180
6.082455
5.753970
5.714884
8.929155
7.572838
5.832713
6.112018
6.072176
5.984141
6.175202
9.078174
10.480887
6.847309
7.017826
7.416430
7.197311
5.748652
6.989111
5.628817
6.383644
5.716881
5.420433
5.636452
7.100755
5.825293
6.932008
6.195307
5.486803
5.924217
5.787497
5.924689
6.784457
7.604898
8.876891
8.149123
8.065093
6.260106
6.573358
5.338295
9.535999
6.791083
5.682748
6.146643
9.262468
5.367990
6.642502
7.345542
5.781433
6.172620
5.749714
6.477041
7.209430
5.443693
5.663417
6.256017
8.643762
5.430654
6.113885
5.518319
6.005078
5.323561
5.754166
5.689128
6.428697
6.427261
5.851550
5.614088
5.565326
5.904846
5.999058
6.082061
5.777205
6.100882
5.397160
5.549345
5.947588
5.511822
6.276809
5.780745
5.510434
5.977560
5.624775
6.046518
8.847054
5.473823
6.476057
7.358977
5.625108
6.962898
7.631936
6.238553
6.947451
5.982872
7.614601
18.538636
18.895165
6.544589
9.419771
5.651014
6.043940
5.771103
5.720984
6.978407
6.946726
6.193191
7.457370
7.100225
5.580382
6.027945
6.465400
6.828358
6.094725
6.757591
6.313968
5.586753
7.622595
6.088940
5.922216
5.622845
5.346071
6.010068
5.694097
6.225179
8.081410
5.825137
5.933984
6.426030
6.082908
6.068997
5.932067
5.689008
7.243991
5.684219
6.250204
6.142843
5.718622
6.049184
5.594018
6.459828
6.079532
6.317648
6.452718
5.581251
6.530252
7.605025
10.661752
12.132909
5.642346
6.057435
5.652539
5.384033
6.016433
5.796581
6.866850
5.787320
6.035730
7.517045
7.743028
8.251468
12.936393
9.028429
5.500321
5.310486
5.775070
9.777775
7.842600
7.610422
5.585161
5.913851
6.231684
5.757736
6.049105
6.570366
6.094068
5.451157
5.589368
5.755793
5.345889
5.860466
5.683591
5.785078
5.903911
5.694496
5.732641
6.012787
7.673185
7.443251
6.551114
6.575028
6.020574
6.035370
8.292363
6.570435
6.475409
7.028136
6.695012
5.756024
5.558673
6.812908
5.377089
5.976090
5.532405
5.317318
5.418745
6.684619
5.607985
5.436291
5.977161
6.579074
6.688512
5.811637
5.854210
6.382073
9.265490
6.971734
9.526374
7.956663
5.848916
5.997409
5.692713
10.895643
6.570687
10.676157
5.498903
5.490548
6.338719
5.966258
5.848208
6.548829
6.377650
19.430524
15.208049
19.879237
21.570647
10.643790
11.310323
5.843442
6.524502
5.573531
5.823851
5.505546
5.545536
6.683266
5.627006
6.300624
5.807353
8.412012
5.684747
6.044408
6.735543
5.438684
5.457058
5.225374
5.172806
6.038568
6.736700
5.154455
5.396409
6.061155
5.443425
5.701972
6.538950
5.166678
6.141887
8.644329
6.026919
7.469032
5.597212
5.743318
5.918100
5.659718
5.545491
5.354954
5.571846
6.105349
6.851768
5.555909
5.432426
5.363438
6.285646
6.821898
5.616778
5.221641
6.029502
6.518807
5.966860
7.530507
5.915812
6.239773
5.954866
5.694532
7.566446
5.859641
5.415565
5.997406
7.255080
18.790990
14.481533
5.852663
5.368060
5.815183
6.383654
5.927181
5.599814
6.138010
6.745745
6.126034
5.541188
5.751069
6.118575
5.953419
5.814817
5.564997
5.754319
6.943810
9.188898
7.025955
5.751555
5.157424
5.456965
5.704235
6.027193
6.674940
6.248256
9.193912
5.738665
7.785871
5.625410
5.686605
7.206812
5.585433
5.530555
6.390058
6.112685
7.017734
8.073410
8.384959
11.003794
8.978986
6.916773
6.642699
7.336161
6.204477
5.239315
6.446716
5.887328
7.590700
6.268056
5.771574
5.546426
6.102722
5.721260
6.107362
5.996355
5.872981
5.730399
6.416160
5.746195
6.398704
7.663880
8.277772
7.846514
5.267356
5.406331
5.354920
6.002410
6.097362
7.402258
7.162763
8.601516
5.632890
6.709021
6.593856
5.981798
5.346034
5.816172
6.005195
5.687637
5.474464
5.878998
5.443210
6.134102
5.625363
6.436117
6.748304
8.011218
7.084738
6.283876
7.556331
7.199656
6.055262
7.060608
7.443522
10.058956
5.947069
5.772563
5.645413
6.061107
5.302097
5.598501
7.027814
5.537462
6.367223
6.521018
6.276876
5.842468
6.239617
5.371214
5.981551
5.627609
5.386139
5.550913
5.279742
5.671623
8.148066
9.007956
6.205396
5.735645
7.211305
5.386022
5.488777
7.865556
6.603667
7.692204
7.973547
7.360376
9.314496
6.247733
5.652293
7.685542
6.168365
6.374271
5.589893
7.102148
6.313757
8.252265
6.960339
6.685907
7.225880
6.124077
6.034380
5.732393
6.769877
6.114272
7.640396
6.199941
6.455956
5.832158
6.928462
7.103834
7.202491
8.752668
8.127589
8.336590
5.673826
5.660222
5.739848
6.782375
6.003875
5.485076
6.438408
5.657389
7.148185
8.896037
6.709985
6.245690
6.099520
5.451237
6.326852
5.920903
5.884358
5.539980
5.817978
5.905980
6.372042
6.128125
6.467611
7.723815
6.776442
5.986997
5.800571
7.162836
6.252162
8.011467
7.302045
5.818960
5.609741
5.680964
5.759351
5.938041
5.362969
5.272394
9.464765
6.545469
5.543430
5.936157
6.027590
10.196622
5.401595
6.867869
5.958620
5.487928
5.503182
6.450144
12.251889
7.238855
7.884062
13.910149
12.733445
7.972299
7.522807
9.571560
10.146977
7.770845
9.469839
12.715597
8.569948
6.309933
7.126276
6.782765
9.478519
11.157389
14.317416
8.376729
7.225269
6.608871
5.919574
8.321018
6.004369
10.393414
5.555450
5.323577
5.820796
5.824280
6.323331
5.561183
6.958066
6.073555
6.318267
6.532839
6.126675
5.372199
5.381633
5.460693
7.181876
6.352964
10.072737
6.146331
6.954010
6.368710
5.572513
6.220990
5.853417
6.194544
5.555748
5.468809
6.084201
7.441208
8.520417
9.743390
8.404551
6.089585
6.717308
6.590304
8.279824
8.584583
10.328547
8.778959
8.790849
13.961849
7.847479
8.472141
6.096872
9.926783
6.193799
6.370138
5.420034
7.012851
7.373557
5.717844
6.491409
7.173988
11.964478
6.078433
5.292937
7.145627
5.999510
7.167140
6.280301
7.721725
6.118243
7.750377
6.693941
9.783753
11.054799
11.608760
8.780788
10.043144
8.462057
8.661168
6.739979
7.894831
8.670399
5.609205
7.098146
5.961657
5.284815
6.546399
6.075956
5.327825
5.977228
5.175226
5.302837
5.193794
5.573119
5.790963
10.123909
6.059871
5.308007
5.724347
7.045105
5.630796
5.956074
5.508066
5.948881
5.544796
7.006730
6.171293
5.533124
6.071366
5.778204
5.447328
5.409390
5.365507
5.490772
5.869162
5.803805
6.526713
5.919118
5.485346
5.732736
5.345544
5.705618
5.667484
6.435510
7.208096
7.359883
5.625099
6.116425
5.992339
5.444252
5.712249
5.551739
5.523431
5.793037
7.113588
5.309100
7.062035
7.933288
5.381808
5.408564
6.119903
5.364937
6.288604
6.287710
5.691316
6.336619
5.505875
5.622307
6.373336
6.136863
6.302319
6.347443
5.565648
6.340039
7.122815
6.145684
6.791573
5.642179
6.312026
6.011876
5.647460
6.151597
6.778730
6.180290
6.516563
5.692722
6.228194
7.501989
6.472267
6.098838
5.435885
5.833538
6.061564
6.826494
5.139674
5.259074
7.235420
6.430325
5.286312
5.262795
5.422524
5.620118
5.633283
6.844514
5.526288
5.576948
6.702639
6.437971
7.863252
5.461204
6.100204
6.147534
7.032150
5.826065
6.630071
13.874678
14.592400
14.435926
14.030191
10.397579
8.867970
7.200950
6.260542
5.497468
6.145058
6.062239
5.395718
5.693046
6.344551
5.662326
5.417183
5.848138
7.384204
5.891444
8.704437
5.434687
5.844989
6.848225
6.037794
6.173280
5.685464
6.240720
6.334727
5.623700
6.466887
5.591618
5.558984
5.435859
5.523503
5.545313
5.311931
6.353669
7.783268
5.875280
6.126859
6.238020
7.963375
8.977630
8.067618
7.134000
7.246022
5.619855
5.730242
6.110789
5.598769
7.101710
5.702741
6.058951
5.561645
5.594262
5.711147
7.656761
7.239173
5.782429
6.270100
5.453394
7.180317
6.165490
6.104925
5.295645
6.838088
6.554153
8.202428
5.708948
5.630259
5.712089
6.223857
5.671853
6.539412
5.579523
5.641935
5.481999
5.479818
5.573217
7.285419
6.742316
5.785621
6.453356
6.810659
6.310190
5.933421
7.057970
5.731721
5.305328
5.921878
6.011801
5.558652
5.975078
5.255039
5.267178
5.667701
5.847122
5.770280
5.639023
6.614546
9.396883
7.311499
7.344271
6.099426
5.705075
5.468375
5.732003
5.675543
5.378187
5.900649
5.821950
5.508038
6.729843
6.694581
5.653435
5.491506
5.946002
6.978984
5.467194
5.837356
5.297175
5.759150
6.218540
6.535509
6.286864
5.656345
6.972068
5.535192
5.535419
6.115536
5.951256
5.340950
6.397677
5.440727
5.784622
6.119108
5.656812
6.625561
6.252119
7.007687
6.483236
5.576131
6.345559
6.132870
5.949928
5.915743
6.459356
5.807009
5.664707
5.894673
8.527187
5.371161
12.695417
9.948008
5.640969
5.726795
5.577175
5.771221
5.338077
6.934161
6.761556
6.625663
6.507667
5.819460
6.021138
5.673281
5.564047
5.439679
6.097601
7.724596
6.598487
5.615506
8.162779
7.989153
5.847718
5.429531
5.391332
5.337312
5.566376
5.460780
6.309206
6.073537
7.092377
6.071117
5.999694
7.729614
7.153957
5.456713
5.402157
5.794526
9.992181
5.637039
11.810991
11.969410
6.176227
7.762908
14.526970
21.425883
13.003932
11.552832
11.024582
10.838894
10.220179
16.847365
19.345654
7.707929
9.109929
5.394753
16.322129
8.010181
9.816731
5.773170
11.502123
16.065577
11.549690
10.246065
5.742937
6.125888
5.897040
6.750941
6.383927
6.253006
6.078345
6.237272
6.131822
6.145572
5.987742
5.448499
5.895328
5.558095
5.548210
5.421826
11.371553
7.313811
6.825205
6.765279
5.240769
6.558559
5.435644
6.375317
6.864834
6.348854
7.515911
8.943605
7.337923
9.100221
6.165254
5.629869
5.748250
6.596967
6.069350
5.302021
6.113642
11.216889
8.559445
6.837890
5.811253
6.935414
5.739430
6.700860
6.175359
6.367156
6.614635
9.520768
6.107151
5.714020
5.847224
5.518018
5.462090
8.114882
7.843018
5.722269
7.142980
9.822586
6.545905
7.409684
5.745070
6.168791
6.524369
6.345305
6.569294
6.690542
5.391423
5.236735
7.369991
6.277651
5.864032
7.703921
5.887345
5.366046
6.697930
5.924798
8.101464
9.195917
6.052247
7.598343
5.228395
6.145030
9.246709
7.649043
6.408312
7.113096
6.819082
5.651324
5.655443
5.368806
6.079750
5.509043
5.724151
6.647004
5.146095
5.683039
5.465805
7.061370
5.397151
6.790586
5.573482
6.791995
5.739550
6.784464
6.444839
5.643401
6.748188
5.212775
5.889549
5.626627
5.431845
6.163093
6.143885
5.599201
6.668113
6.461439
6.715466
10.976801
9.182929
7.721063
5.578751
6.429312
6.325287
6.909899
7.199763
7.564263
8.508091
6.180907
5.541784
6.001107
5.583619