276.028358
314.363091
335.490441
233.920137
104.723080
337.138697
319.454133
276.785751
81.729707
23.775291
10.369136
22.910758
13.381167
14.766279
19.850428
19.163018
24.214770
78.199790
130.800923
162.713059
12.876447
16.287843
28.527109
45.359943
92.224058
99.230115
102.388497
186.462893
52.063031
112.613313
107.889299
33.903634
50.623049
9.999748
10.083416
10.768947
10.337064
12.414336
66.047440
13.548324
10.985306
10.184982
15.629700
14.758745
12.074827
12.889607
75.058310
15.135637
24.857443
15.168645
27.618619
71.987697
11.322444
9.393167
9.999422
9.780136
10.589462
11.838525
9.777943
12.094348
10.826686
11.977542
13.861062
19.454146
9.923728
17.725890
9.882132
11.614792
10.631038
14.498399
21.134533
10.167862
13.530205
9.543089
9.305379
9.393551
9.845093
14.862967
11.240867
14.801546
9.742578
10.458615
12.854745
11.550402
10.050947
13.365358
9.452619
10.317614
10.717733
11.872284
14.082706
12.623840
10.397886
10.144992
9.857126
9.383551
11.703659
11.993213
10.737582
11.097828
9.490917
10.212983
14.548385
36.065195
9.822051
10.276795
9.896892
9.794586
10.044233
10.446568
13.764146
10.006955
9.821525
9.200842
10.869056
9.836372
11.052615
13.832132
9.548100
10.633619
10.099520
9.159703
10.919847
13.144944
11.052114
10.316968
15.340893
12.065377
12.639001
9.885616
10.209607
10.857460
15.385909
17.865010
23.661240
15.411983
18.567175
14.641140
9.916576
9.981292
9.407637
10.886385
15.546146
13.876197
15.575991
19.213625
14.660114
25.150893
16.834621
34.805920
18.960180
45.607676
43.104529
13.034875
10.508711
10.209741
10.997371
11.425980
9.682868
13.098347
11.460654
11.524811
11.116477
9.210359
10.265564
13.184207
9.492552
9.657887
11.907778
24.389776
24.070025
9.620729
10.332214
9.985939
9.460294
10.586688
10.216255
10.178525
9.611703
10.243422
9.645713
10.178123
12.323523
9.958378
9.532951
12.800427
9.589768
11.687501
10.505258
13.861514
14.033867
9.437660
9.746985
11.637920
10.233796
9.587711
10.346910
16.163948
9.354289
9.693071
10.982733
10.802069
11.791004
10.532155
11.347960
10.824013
9.568398
9.715966
10.218968
10.767076
13.945081
9.535728
9.103386
10.135318
9.550054
10.100711
9.962354
9.509353
9.739391
9.828345
9.647398
9.481716
9.547081
12.026991
9.907093
13.360581
10.137651
9.123912
9.456777
11.314866
11.805164
9.482634
10.567291
9.475299
9.531283
10.230610
12.300572
10.766696
9.669990
9.965310
9.523500
10.067205
10.126519
9.878082
9.667985
10.132065
10.977625
9.565309
10.216979
12.562990
11.732757
9.404644
9.427826
10.039734
9.382377
11.841148
11.607820
10.257468
9.942523
13.246815
9.188787
11.118106
12.104750
10.284674
9.970886
11.021963
9.797794
9.281770
9.853919
9.930444
12.278618
10.567839
10.776469
9.757917
9.869842
11.592854
10.649480
10.398133
9.177960
9.978661
9.401067
9.560670
10.487729
9.494700
10.179474
9.988226
9.824559
10.474276
9.634986
14.063826
9.582171
9.659939
9.785198
9.616064
9.484922
9.741786
11.388164
29.635311
68.557830
39.128227
10.626103
9.977892
24.772683
14.110085
9.237682
10.310277
12.337416
9.565359
10.022835
15.124739
9.822432
9.188181
9.420887
9.439372
10.401350
9.115459
10.566250
13.051395
86.391396
76.941461
9.816434
56.175850
10.423999
14.635529
30.681174
15.554101
36.779740
57.360381
85.434836
67.204818
15.812291
75.350951
54.291928
76.422013
48.304450
33.681993
22.326892
9.636180
9.595979
19.542736
54.689608
14.310802
17.918495
60.105780
10.628604
10.848483
10.084224
9.425337
14.717901
20.631869
21.530562
65.997484
59.409951
14.469281
19.572459
70.383690
65.560986
9.484021
9.554046
10.604161
8.906530
10.682060
13.518590
9.897539
16.588541
55.344483
12.460914
9.266356
9.064036
9.421914
11.260840
16.858107
10.639096
9.568843
10.738398
9.514135
10.052691
13.424490
10.126431
10.155327
9.236905
9.617619
13.263222
9.756806
16.445293
8.989807
13.739402
9.370405
9.128024
9.207904
10.117681
9.251238
17.723498
14.407528
9.407699
9.123641
9.193412
18.016040
9.079468
9.477896
12.126255
10.329090
9.981449
9.622394
12.025630
9.368538
10.540470
9.099253
8.975422
9.924004
9.644686
9.001173
9.707649
10.533847
9.335412
9.395295
8.933375
17.349669
9.844168
9.421744
9.148083
9.439644
13.225983
10.520315
10.319704
9.231971
10.661576
9.664776
10.230969
10.929993
9.207583
26.850700
48.603860
42.768208
47.718941
10.080845
9.789357
10.438848
15.586028
10.121745
8.897582
8.998264
10.290858
9.100560
9.749800
9.411934
10.043101
9.862724
9.260392
10.288695
10.109619
9.659867
9.503654
10.727090
10.936316
10.002932
10.007256
14.765183
9.992097
9.629599
9.443300
9.891212
12.145604
9.508190
9.898084
9.121697
15.810069
9.338784
9.049814
10.062533
9.462641
9.387336
10.105616
10.089447
9.371544
10.671758
9.922925
11.872358
10.669214
11.318754
9.484320
9.634004
11.637226
9.528366
9.108167
9.413461
12.270741
10.479897
9.063883
9.607379
9.538856
12.138081
9.743637
14.565447
10.147674
9.442384
10.866588
9.815462
9.826288
10.393719
26.130551
11.206134
15.492725
9.482842
9.847757
9.457182
8.966286
9.254617
9.488981
11.761108
10.726622
15.413865
13.593898
13.539702
10.652239
10.228580
13.914631
9.636663
10.047270
9.700125
9.679357
17.457147
14.621911
17.944994
21.581970
36.145269
15.126238
52.905157
12.961755
12.991548
13.986428
9.081886
9.975523
14.715783
14.047571
10.036647
9.451592
9.425767
13.104036
12.737222
17.867745
14.919149
29.728089
10.152257
10.871606
9.177576
13.200964
9.337048
9.579793
9.333110
9.515621
9.093340
9.039883
9.868353
13.696976
12.274088
12.188027
15.246135
9.772272
13.434218
8.895271
9.730161
9.461272
10.217392
9.721888
9.163599
9.781262
31.033033
30.487467
40.440337
56.987595
9.489698
9.447505
9.509351
10.102070
9.589618
11.471313
11.053159
9.143092
14.092967
9.401167
10.165754
9.860020
9.416937
9.991688
9.531328
16.175656
9.222414
9.464085
17.909942
18.769749
9.556738
9.593622
9.810521
9.043515
9.406634
10.255375
12.426034
9.389137
10.288159
8.969292
10.004375
9.872191
9.706004
10.310099
9.291735
9.521393
9.673489
10.288837
12.726610
10.565573
9.303959
9.903993
9.933846
10.048845
10.377706
9.554019
10.514796
9.110732
9.955734
9.101078
12.176540
9.429309
10.017792
16.723300
9.453887
13.258638
28.983522
22.216174
12.943702
9.869097
9.822812
9.116087
9.848456
10.452874
10.074242
10.012610
9.231251
10.290987
14.739701
9.788233
10.414986
9.513559
9.950413
9.737892
9.241349
13.611979
9.031432
9.267361
9.201906
16.104472
9.718578
9.238568
9.330951
9.667043
9.712377
12.822465
9.461992
9.062105
10.731480
19.909943
10.762085
11.629340
10.470377
14.974307
9.252303
11.881680
9.335499
9.344295
9.034213
9.549702
9.453897
9.727063
9.503333
9.345381
10.242671
9.481110
11.719427
9.519209
10.558864
9.929372
10.712674
9.186615
9.386247
8.946549
9.056554
9.927844
12.452031
11.692317
8.989086
9.435846
9.424485
9.575853
9.574446
9.621552
16.322731
12.710632
9.022652
9.691097
10.235967
8.826960
10.104174
8.892708
9.641145
8.999829
13.950445
9.546361
9.033677
8.838910
9.194517
9.412952
9.205742
9.324927
9.915519
9.474127
9.845321
9.762513
9.059103
9.294943
9.772309
25.765193
59.468736
35.175430
47.747341
94.294999
22.587906
63.034414
9.784670
9.186717
9.246068
9.184317
9.792810
8.714164
10.078866
9.317922
8.987641
9.100991
8.959786
9.184609
10.572403
10.836832
9.332234
10.313294
9.755636
17.562204
10.086794
9.415043
9.463153
9.276069
9.070797
9.301358
9.189818
9.373789
9.391224
9.646570
9.389325
9.468556
15.924161
11.731656
13.332232
9.977649
9.456106
9.635853
9.261785
9.766486
9.531047
11.549200
11.014904
13.382769
11.033167
10.864566
9.275995
10.276416
9.711120
9.350016
9.124769
10.856895
9.207531
9.517770
10.362214
9.733606
8.826384
11.895440
9.061977
8.846451
9.258262
9.407697
10.414636
9.309297
9.014122
9.539356
9.524181
9.386570
9.274859
9.770825
9.179369
9.672906
9.147514
9.510655
10.656301
9.558653
9.098444
15.770421
9.051643
9.503852
10.947015
10.241150
9.272174
9.456050
9.258111
9.483099
9.760530
9.250664
9.510693
9.572031
11.764443
9.233560
12.866169
9.509817
10.370781
9.597175
10.603458
9.663848
9.180030
9.327122
15.427997
9.091009
9.426498
9.725870
9.515261
9.676985
9.349639
9.252085
9.452019
10.291360
9.403297
9.172917
9.939828
9.502678
12.079869
9.426078
21.498431
16.113849
9.529058
9.852076
10.214068
9.278688
9.496982
9.419821
9.090766
9.592137
9.198232
10.360348
9.147803
10.150946
9.965936
10.141333
9.380239
9.155498
9.237096
12.803141
10.023376
12.595911
9.642398
10.185829
9.141435
10.304552
9.704127
12.146592
9.243050
9.309755
9.526763
10.767791
9.856612
10.820757
9.981367
9.661432
9.624179
10.430351
9.565671
9.217192
9.789518
10.237920
9.792938
10.153296
9.620299
9.567537
9.687418
9.833037
11.548844
9.823937
9.945645
11.851657
16.098032
23.691214
17.980499
18.310676
9.249652
9.429198
14.059711
10.194224
9.094108
11.342071
9.103348
9.763775
10.940737
9.357335
10.025905
9.508402
9.094375
9.245237
9.545262
9.405207
10.207849
10.273951
9.301843
10.330167
9.645154
9.360326
15.363947
53.407052
17.921039
64.681423
15.904060
12.930344
13.447839
10.881142
9.490766
10.446031
8.978046
9.513262
9.371779
9.552121
11.327995
9.944335
9.507362
9.928386
9.540079
9.887094
9.730818
9.745909
10.196439
11.059453
10.449153
9.501901
9.561194
12.939873
9.174833
10.383281
9.316511
9.554133
9.508489
9.151634
10.095908
9.475798
8.948722
10.163623
9.349203
12.360698
10.812902
9.700714
10.375279
9.659386
11.910868
11.367252
10.096579
13.096178
9.570828
12.145817
9.311801
9.222827
9.497063
12.351883
9.476007
10.814408
9.251668
9.310733
9.419914
10.045735
8.981196
9.590357
9.204175
9.473105
10.516526
10.100991
8.975500
18.071449
11.960743
10.473348
9.684737
14.427377
8.908596
9.165299
9.397701
9.611427
9.124897
9.941029
10.048574
9.528440
8.930805
10.090744
10.364024
9.173681
9.637224
10.750860
10.124920
9.748128
11.548222
9.658958
9.124053
9.883006
9.459638
8.963603
11.630996
9.130342
9.286375
9.293385
9.857606
9.643224
9.269365
9.676055
16.060787
9.715681
9.924412
9.271358
9.448411
9.528104
10.681417
13.754406
8.965566
13.831454
9.449181
8.740630
10.130326
9.211038
9.145108
9.486708
10.252196
9.350918
9.747416
9.451402
9.629273
9.846279
10.142103
11.371984
10.078716
9.987706
9.984695
9.911506
9.383841
10.620030
11.736023
9.829190
10.043275
10.560827
10.199633
9.716125
9.997386
9.195966
9.722338
12.402492
9.453872
9.231506
9.932934
10.402596
9.258537
10.294331
9.848033
10.375279
11.507267
9.711591
10.687560
9.189901
10.147164
9.995433
9.477990
10.237265
9.853342
9.331206
9.039538
9.177742
9.127451
9.351757
9.685669
10.465539
9.158104
9.302426
10.070745
10.831724
15.894765
9.912302
14.935756
15.014579
9.884257
9.286230
9.833493
9.128879
10.671710
9.644420
11.133007
9.645633
9.573102
9.978326
9.005555
9.889204
9.644608
10.709374
9.566232
10.473726
11.964459
11.955882
9.577790
9.290656
8.996826
8.984047
9.737021
9.608191
10.404199
51.301685
24.957961
15.139666
13.807729
9.631357
10.162350
9.024311
11.190750
9.674667
14.024675
11.328175
11.773919
10.049645
13.429484
9.597235
10.119423
9.637764
9.272608
10.285031
13.256098
8.970615
9.425272
9.557478
10.495174
8.939002
9.460368
9.025223
10.218836
9.268335
9.925688
11.566672
9.731778
9.532767
9.589306
9.307258
9.467152
9.718818
11.753222
10.685087
9.780010
9.206456
9.249554
12.677441
13.116432
12.293192
17.216795
14.498675
33.927081
10.142931
11.427665
9.757540
11.532679
9.540791
9.221641
9.372818
9.623411
9.647513
9.169409
9.165252
9.213872
9.348295
9.326317
10.182247
9.667246
9.985525
9.780136
11.247243
10.869684
11.318082
10.204283
12.664385
9.789146
8.991940
9.064449
9.716148
9.990038
10.757086
9.332585
9.573904
9.635228
9.413435
9.145743
17.921459
11.721713
9.325521
9.407630
11.659066
9.579988
9.240848
9.065385
11.316838
9.032075
9.387421
9.377935
9.703444
9.644855
9.530617
10.676983
10.748935
9.405718
9.043234
9.394715
9.532071
13.584463
9.203004
10.063368
10.110272
9.598553
10.159352
9.325829
8.827059
9.826393
9.733254
9.165123
8.883146
9.492087
10.366437
9.574916
9.605265
9.656966
8.816691
9.272366
9.415214
9.445296
9.070911
9.535930
10.108691
9.612463
9.398845
9.345340
10.573717
9.354031
8.964761
9.618377
9.392063
17.369720
10.492107
10.441277
10.448788
10.667390
38.511427
31.589090
9.448583
9.444828
9.715119
9.915067
10.495268
10.553248
10.940091
10.071204
9.842339
9.164293
9.866063
9.286454
9.004302
9.200076
9.201548
12.172722
11.005394
9.362104
9.078324
17.732074
9.809471
8.991501
9.603205
9.808826
10.227675
9.529121
9.951191
10.759166
10.006176
18.608774
23.529159
13.052318
31.101884
14.269856
12.216716
9.699603
12.409210
10.365384
9.650616
10.204612
10.094844
9.223307
9.422443
9.771634
9.142245
9.921995
10.019084
9.586591
9.631131
9.038332
9.615007
9.429003
9.327158
10.059933
9.633051
9.228116
9.238011
22.847753
10.885099
11.090536
9.289475
9.687268
9.473046
9.300001
9.009516
9.507841
9.770229
9.078229
18.726435
8.968766
9.606739
12.771642
9.334171
9.717541
9.896183
9.434187
9.532914
9.829902
13.106320
17.078040
9.341081
10.317866
9.023589
9.469300
8.995158
10.062960
9.832015
9.123225
14.131530
9.687768
9.688586
18.427604
9.228044
8.957201
9.908514
9.235165
9.341660
9.451144
9.011288
9.555443
9.312202
13.225067
10.841423
11.748958
13.369977
13.132447
11.538181
11.743158
23.943525
11.212470
13.149468
8.706119
8.744261
9.174915
8.855895
9.177740
9.397787
9.353311
9.395048
12.291336
9.868476
9.217313
9.103977
10.087057
10.215471
9.782977
9.651385
9.834639
13.405292
9.799364
9.440706
9.161603
9.240698
8.988478
9.339650
9.765734
9.911782
10.076251
8.879288
10.635082
9.885358
9.748454
9.315499
9.265888
9.147824
9.100312
12.644229
13.341595
13.454752
13.399925
8.976462
9.212030
9.103359
9.349280
9.144165
9.241774
12.571920
9.646876
9.900605
9.519347
11.531821
9.461672
10.205016
9.576901
9.295146
12.064713
9.474716
9.491976
9.224028
9.444265
9.400493
9.363673
9.351020
9.389416
9.471254
13.710919
9.846724
12.677772
8.846164
9.709847
10.091668
9.015488
9.202604
9.642855
9.471379
10.371881
10.195780
8.949351
9.470332
16.612165
10.666806
10.826653
10.805338
19.198392
13.313830
9.144583
8.991494
9.973126
8.683675
9.875176
8.994294
9.500762
8.888600
9.925294
9.021865
9.909622
9.635855
9.088578
9.117327
11.455704
9.407638
10.483563
13.509146
13.658696
10.104250
9.097085
9.807141
9.984489
9.265038
8.994131
9.671150
9.647326
9.436459
9.223853
9.897714
9.331309
9.783573
12.504519
13.510811
12.087205
11.428323
9.147559
11.401204
18.930802
13.612703
9.041050
9.297638
9.264401
9.961529
9.030076
9.748953
9.586433
8.808413
9.309564
9.820090
9.140526
9.355367
8.965833
8.792935
9.302205
15.823088
9.031941
9.286510
10.575227
9.905564
14.875684
34.642897
12.701225
8.912567
9.338997
11.747183
9.514368
9.962727
9.298763
9.830398
9.280124
9.929954
16.926112
13.885605
12.444995
13.516446
16.476927
14.562216
13.086309
22.045903
33.391455
18.277380
10.027545
11.318448
13.341619
9.602693
10.018013
8.908892
10.881088
10.426994
9.556490
10.329823
9.001664
9.094195
9.887657
9.004837
9.433925
9.050545
10.060299
9.732244
8.928833
9.219716
9.508039
8.612788
9.248343
9.530451
9.221446
9.192976
9.553740
9.439529
8.946535
12.999959
11.016783
14.403896
11.130387
12.391477
11.603066
10.587951
11.752585
14.121521
11.564731
9.734574
9.632000
8.970346
9.282996
9.830812
9.271509
9.503163
9.130152
9.137623
10.008704
9.860001
9.129081
8.890407
9.428747
14.229688
12.396652
8.890412
8.781712
8.546711
8.877354
9.936220
10.296290
9.803058
12.106584
9.268056
9.262662
9.357743
9.218075
9.753730
10.220792
9.988224
8.674921
8.837899
9.562441
19.714410
12.105364
9.321031
9.534639
10.475157
9.192223
9.465952
9.997076
9.581054
9.052683
12.733482
13.218714
9.741498
12.606686
9.456332
10.215085
9.724664
8.572882
10.169680
9.512937
10.997711
9.103812
10.557208
9.224427
10.342639
10.107021
13.350409
12.882196
11.629731
8.859733
13.692458
12.943022
26.288543
16.881482
24.255322
50.526655
70.770831
36.300215
59.612313
79.546466
56.882398
58.606800
35.260607
98.731962
28.296975
94.930043
63.010198
9.573417
9.410425
8.992939
9.291854
10.122056
9.013745
8.951226
9.601715
9.775237
9.603125
10.120279
10.074669
10.341509
8.920025
10.053255
11.694353
11.009444
14.470007
24.079751
79.572469
72.588714
16.693859
15.097047
9.954405
9.362760
11.231913
12.041706
21.783126
11.373524
24.074153
20.542608
14.321777
10.031285
18.501085
9.541617
10.239153
8.905536
9.654359
16.297811
14.918209
9.457932
10.532333
9.566200
13.219301
11.546853
9.180543
8.728574
9.206630
8.904097
9.290499
20.271302
39.098934
28.710880
29.794384
45.817694
69.401679
10.333100
12.854642
14.893901
12.494338
10.885154
9.497813
9.597231
10.620091
9.815599
8.877060
8.916081
9.481326
9.061435
11.613925
12.946927
10.219682
8.819570
8.760526
9.374915
12.233613
8.881383
9.678991
9.502417
8.592621
9.522473
13.943838
26.226850
9.400217
9.540817
9.239930
8.934538
10.104216
9.333502
9.710159
9.532675
11.494934
9.155151
9.191670
9.138591
8.970083
9.031605
9.612208
9.209607
8.876726
10.494462
9.493453
9.414095
10.360350
10.081359
8.862341
10.046105
8.827741
10.151146
10.634808
9.044855
18.181220
10.928308
12.742641
11.844466
15.878051
12.135538
13.450956
21.022959
17.035060
9.364072
11.171688
12.589741
10.558149
9.602508
8.959636
9.310004
9.781297
9.643034
13.932304
12.890032
15.123341
13.164008
12.999011
9.287883
11.831248
9.751532
10.216286
9.657701
8.935234
9.230748
9.560361
9.086129
9.886631
9.253581
9.708654
10.182470
8.984731
9.308946
9.014432
10.145472
9.964499
8.878019
8.890696
8.954292
9.253319
9.108953
10.032832
9.690578
17.125845
9.503025
9.142537
8.884307
9.619361
9.003564
8.887080
9.123561
9.179421
9.300991
9.621963
9.153916
9.174955
9.029688
9.475714
9.343295
9.399505
8.972114
9.430731
9.294325
11.281719
9.511435
9.142079
9.081905
10.904963
10.953070
9.247032
9.192523
8.792492
9.524283
8.785523
9.336340
9.358331
8.839387
8.583160
10.178974
9.339798
10.177707
9.509156
8.708031
9.684173
9.426260
8.958781
9.234787
9.942845
9.735423
9.318401
9.900181
9.344522
12.231722
9.281924
9.159940
16.197816
9.192820
9.013792
9.753780
10.020018
10.154199
9.813937
8.899384
9.576901
11.116523
9.597144
11.257881
10.513907
10.370170
9.716786
8.821044
9.438579
15.932197
12.035533
9.452369
13.843082
9.192397
8.779021
9.226848
9.586412
9.577612
9.691014
8.780833
10.113700
9.395848
9.103000
8.979378
9.000941
8.730030
8.927092
9.442610
10.400911
16.345906
20.856622
19.829205
10.457194
19.201925
11.774926
10.278727
12.391378
12.038633
11.934742
34.975743
10.230607
9.120142
9.047395
9.714550
9.174348
8.656941
8.834655
9.407912
10.093112
9.102576
9.322550
15.140478
16.458795
10.390615
13.116664
8.996339
10.330241
10.008078
9.393240
8.942796
9.875462
9.024004
10.223422
9.190309
13.173191
11.168554
9.836230
9.137871
9.222866
9.452489
11.264221
9.343159
8.970627
9.543187
8.990563
10.779392
11.225652
9.391827
9.624872
9.164284
9.491393
10.198371
9.299172
9.143036
11.059784
15.992644
10.641356
9.624535
8.824028
9.546509
9.340336
10.663485
12.111077
11.364310
17.911938
9.997916
9.131136
9.090567
8.722693
13.646809
21.687950
10.702563
8.990926
8.917687
9.317579
9.429261
10.759180
9.186395
12.392021
8.610154
8.940844
9.611286
9.447036
9.473079
9.577626
9.318170
9.524331
9.404734
9.662147
9.890771
10.180322
10.173401
9.378292
9.247819
8.810179
8.890024
9.421321
9.800353
8.666782
9.869038
9.246698
9.764057
14.339475
9.380038
10.386462
9.413418
9.451079
14.022224
8.861518
8.754426
9.391976
9.294140
9.478117
9.055013
9.060049
8.876323
9.833847
14.630683
9.327571
9.621194
9.189407
9.209985
12.777299
9.891102
9.227602
9.079973
9.855226
9.109726
9.184751
8.761778
12.167076
9.695461
9.876211
9.278990
9.397451
8.998579
8.974388
10.639709
9.151142
9.492062
9.691324
9.349427
9.992398
9.467415
9.359621
9.913810
9.909763
9.749155
9.688458
9.359315
9.281719
10.220686
9.813907
9.343381
9.969383
9.527629
15.073009
13.091908
9.139112
9.855060
8.980298
9.575581
14.686792
8.925597
10.480999
9.561496
9.660528
9.326189
9.512764
9.206959
9.327432
11.623348
9.656931
9.452045
9.379395
9.023693
10.192470
9.927821
9.644697
13.379182
8.997832
9.190349
15.919967
10.470238
10.724580
9.946686
10.098558
8.943811
10.912670
9.197576
9.258907
9.313333
9.534026
9.496981
9.651870
9.782986
9.926123
14.120081
17.199847
15.755392
9.575136
10.676504
9.036475
18.619824
23.572432
10.699078
9.821945
9.755467
9.449599
9.347585
8.915812
9.237808
10.091703
9.276008
14.882456
10.789742
10.974579
9.694636
9.839131
10.769531
9.268364
9.267781
9.057846
10.220501
10.611331
11.052975
9.227332
9.503767
9.747120
8.998643
9.773379
9.234753
10.498986
9.431507
9.050256
15.495909
9.957450
9.202304
9.029757
9.113706
8.872058
8.994258
8.677916
14.029382
11.176153
9.138476
10.008936
9.133002
9.932250
9.235114
9.216981
9.793464
9.876232
9.363137
9.689051
13.105394
9.655728
9.793904
9.033180
10.052785
11.428075
9.306823
10.947377
10.085570
11.682532
12.810267
9.611510
12.229245
11.693747
9.771309
12.371437
10.000337
13.454676
11.154212
10.780345
9.058906
10.393593
11.036328
9.633737
9.370269
9.181834
9.032892
8.966888
10.518315
10.620670
10.072083
9.356244
9.765653
11.575644
9.117107
9.095694
9.453393
8.936684
9.021832
10.186738
8.653303
9.465434
10.790090
9.096039
9.440303
12.459590
9.048414
9.051246
9.545923
15.437573
15.492863
9.369047
8.866289
13.544063
9.019435
9.162570
10.095493
10.052779
10.342454
10.961639
11.614607
9.247186
9.004069
11.759433
9.240895
9.719585
9.043471
9.013845
9.009733
9.392113
11.446766
12.164482
9.515963
9.571321
9.643858
8.743299
10.428934
8.945106
9.483047
9.283865
9.137436
14.854505
16.139703
10.401916
9.405137
9.276192
9.632000
8.907657
8.919370
9.652859
9.427141
9.612469
9.109987
10.555928
9.627650
9.517170
9.555753
9.342718
8.956354
8.912862
8.751402
9.457441
8.988045
9.473324
9.513410
9.231830
9.308902
9.224529
9.612837
9.850619
9.145734
9.489778
8.857203
9.070145
9.986803
9.505887
9.957249
9.621201
9.088763
9.206295
9.632760
11.011846
10.406605
17.785884
9.175358
10.378908
10.031618
9.065674
9.607118
9.140121
9.039216
10.979437
9.747190
9.286532
9.428927
9.579067
10.507979
9.961727
9.156006
34.620316
109.545133
43.698436
58.690186
27.506209
30.035734
15.105097
11.796501
8.798777
9.291362
9.105376
11.089277
15.948959
13.581220
32.782082
18.671690
10.123693
10.487543
9.461287
8.947186
9.030866
9.713998
9.909334
9.378519
8.800757
9.128045
8.912131
9.799106
9.442727
11.119536
9.196099
11.117781
9.408304
9.351909
8.740500
9.920396
9.455622
9.850862
9.987452
8.908229
9.124479
9.058898
11.367326
14.915986
12.075602
9.240076
8.992210
10.004168
9.045160
11.848221
8.855460
11.839147
9.176648
9.504908
9.416443
9.489866
9.141759
8.797286
9.786542
9.099773
9.712819
8.790073
10.696735
10.266542
9.740648