58.255146
232.360376
125.931426
278.702200
325.435003
46.362024
51.915652
48.978044
59.992837
120.950005
27.462122
134.483302
85.445181
48.642995
7.082705
7.734591
10.824037
36.429572
25.037197
11.188313
7.195280
12.743695
19.415882
22.472765
9.780080
23.443293
21.602691
85.787298
80.654999
24.954328
17.575715
69.654489
79.652817
8.947879
6.097618
6.110332
6.121152
6.999722
9.186315
18.124753
6.073470
6.565752
8.425605
9.817203
6.342887
13.583587
12.843025
8.024218
7.122866
11.436221
9.073926
8.500251
9.923762
7.588944
6.161214
5.754750
5.815167
7.150487
6.780592
6.120829
5.995442
6.276718
11.679900
10.235047
8.279457
10.256034
8.910388
6.431814
7.685861
8.568714
10.416065
7.285298
6.993367
14.765321
7.342371
14.939042
8.167250
8.598483
7.576412
5.874106
6.032773
6.139582
6.027877
5.974199
9.450422
11.391139
10.111305
6.217123
6.806805
10.112428
8.177991
6.422387
8.731968
8.100744
6.329499
6.951180
6.853265
5.982431
5.844484
5.838265
7.566694
7.982365
14.650500
12.787538
10.023615
30.570612
31.643293
7.866813
9.031444
10.246492
29.521494
12.084533
13.678571
11.886663
6.532645
6.198805
6.320716
6.006719
6.637874
6.357770
7.347570
6.380950
10.153753
12.617527
7.600762
10.142142
10.492458
6.725635
7.286739
11.741872
6.608696
6.960819
8.357624
7.577646
6.302820
6.099976
6.019871
7.205209
5.929603
6.337339
5.840981
6.002133
7.595151
6.458133
7.295067
7.102583
6.000698
6.056946
10.803154
8.514976
5.707042
6.407042
6.362424
6.479313
5.889874
6.044421
6.770766
7.963663
6.651848
5.953838
5.859124
5.875053
6.815033
10.738546
6.830988
10.208082
7.036863
8.989840
6.884896
10.918309
10.213951
6.582178
6.372064
7.301140
6.780750
5.897756
6.031117
7.228950
7.243754
6.403995
6.252538
5.971873
7.404755
7.815743
7.750167
7.709471
7.329788
8.456433
6.767019
7.803119
7.546805
6.944839
6.410208
8.574504
6.271230
7.324338
6.153747
6.148788
6.140971
6.092788
5.768556
6.046115
6.381957
6.233392
7.350187
8.111307
9.381118
6.921178
7.203744
5.913134
8.247341
10.750133
8.230360
9.283042
6.669513
6.943935
6.563992
5.753579
6.893321
6.737463
5.643319
5.680745
5.910870
6.147456
6.973282
8.959886
10.358107
6.892977
8.751682
8.415863
6.842954
6.070543
5.901042
6.949764
5.648241
6.176796
7.963000
22.524753
14.443243
12.808192
6.109332
5.630088
6.041183
6.020749
9.948439
7.116500
9.091925
6.517414
6.909035
8.651452
7.835113
6.499290
5.937527
6.483409
6.088580
18.556752
7.373417
6.280935
6.699546
5.862361
5.796385
6.292869
6.213422
6.473120
6.303524
6.589115
6.988744
6.390509
6.597506
6.466541
6.274618
6.834615
5.916588
5.687346
6.199287
6.357182
6.648391
6.521068
5.895781
5.930494
5.711451
5.870236
5.593210
12.270043
6.391292
6.886329
6.228929
6.652008
7.416799
6.271204
6.962424
6.100307
5.923542
8.644117
5.687446
14.206422
7.303264
8.665441
9.600650
5.680488
6.176855
5.966321
9.806112
11.010541
8.113281
9.453675
11.656355
10.508410
9.688381
33.778973
15.707471
15.767020
22.028434
41.719401
23.750397
6.206252
6.985120
9.200324
10.216986
7.544374
5.901158
6.118315
6.678083
9.393810
6.580525
6.227874
6.029821
5.897526
6.268863
6.130488
6.315410
6.047881
7.174343
17.549330
18.197575
5.629389
5.742934
6.579593
6.819523
5.745664
6.728451
6.674471
5.907948
7.697982
8.382588
6.297093
6.853732
6.113022
7.194566
6.524507
6.311225
5.663904
8.674546
5.878072
11.113247
6.321186
5.784012
6.730806
6.317848
6.013321
5.622310
6.293937
5.656497
5.731298
5.857333
6.896558
9.433676
8.040169
6.283870
5.866556
5.645242
5.900564
5.993729
5.740563
7.839365
6.074801
5.490658
12.614559
11.754915
6.683922
8.776377
9.192086
7.059286
16.672565
13.062738
6.994647
6.637529
5.704269
7.050326
5.931678
6.033748
5.573007
5.903288
5.820268
10.290992
5.646512
5.581206
6.523497
6.552368
5.812456
6.168043
8.423777
6.208849
6.786369
7.157710
6.562287
8.856785
9.777264
6.013012
8.665597
7.598934
5.994503
5.794419
6.007540
11.445321
5.733265
6.304093
6.085728
6.267109
5.700332
6.540654
6.413843
6.130976
6.745719
6.657455
6.767101
6.537413
5.832238
7.264809
5.925196
6.231131
5.504028
5.829942
5.777338
9.290814
17.969499
13.960337
11.038685
16.960588
24.526226
8.854018
8.272870
6.199559
7.278915
6.983083
6.732790
7.734352
9.332660
6.522714
6.737109
6.371502
5.602511
5.784831
6.270570
10.515694
7.167512
11.309553
6.093864
7.084768
6.010245
6.208502
8.407702
6.737033
7.044338
6.043111
7.831390
7.750133
8.962943
7.416279
6.135636
6.834164
5.795964
5.959666
6.863363
8.225591
6.339614
6.209749
7.458183
7.081529
8.535628
5.751572
5.885464
5.854549
5.872080
6.716409
6.062478
6.566377
5.978198
5.548609
6.038162
6.082682
6.056436
6.036468
5.676235
7.638351
5.816288
5.948238
5.710923
7.970417
5.741501
6.205217
6.088456
6.217146
6.060669
6.856482
6.547474
6.231640
5.716985
5.933386
6.069454
6.962359
7.131550
8.549272
12.357356
14.557878
8.289653
14.156694
6.250946
6.329958
7.790438
5.967187
7.406019
5.755813
5.957671
6.813744
6.100933
6.827038
6.243022
5.912674
5.917978
5.627471
5.845727
5.883336
5.925848
6.062045
5.667864
5.945037
7.793866
8.202697
5.946038
5.670367
5.785434
5.757414
5.629631
6.170582
5.863073
6.461039
5.879517
5.474116
6.082334
6.057436
5.705090
5.628274
5.863636
5.628918
5.693157
5.861250
5.591995
6.362407
5.706972
5.727760
5.780576
6.073522
5.868245
5.986752
5.864605
6.413027
6.338921
5.942247
6.098158
6.287154
5.886569
5.861405
5.624999
6.374088
6.307933
5.753702
7.192016
6.104812
6.390887
5.349754
6.102694
5.678353
6.157342
6.397030
5.693655
5.858868
5.776372
5.876886
5.954910
5.971079
5.799931
5.444287
5.884268
6.188160
5.934555
5.475505
6.856693
8.323084
6.479327
6.902991
6.105389
5.762744
5.997166
6.078619
5.595062
5.504240
5.898801
5.751961
5.505756
5.699687
5.690877
5.701043
9.812497
5.771904
5.733929
7.173271
6.216500
6.383790
7.785245
5.492145
5.637051
6.221009
5.636061
6.161593
5.759163
6.984069
7.765239
6.538368
5.496762
5.769050
6.054954
5.891447
5.580457
8.828516
6.892437
7.489204
12.037119
8.271527
6.929210
6.355201
6.763060
6.189546
6.025614
6.278084
5.545733
6.485700
8.012186
7.444644
5.974583
5.954446
5.703251
5.875503
6.248778
5.814254
5.817886
5.464090
10.276961
6.451464
7.096114
5.610661
6.253311
5.582821
6.134286
5.810147
5.659772
6.789109
6.684748
6.001773
6.148252
6.587712
5.605990
5.636005
6.999505
5.546637
5.554984
5.698602
5.878818
6.730500
5.376473
6.038644
6.671292
6.257415
6.346052
6.303646
5.675539
5.537430
6.081807
6.015369
5.877713
7.229442
6.152826
5.922718
6.366461
6.139977
5.620293
5.512918
5.743849
6.139392
5.731767
5.583844
6.040591
5.969091
5.636139
6.054087
5.960388
5.898432
6.333144
5.772297
6.051023
5.873380
6.438613
5.904137
8.080035
8.134061
8.145487
7.408052
6.457523
7.639274
7.079374
5.556719
6.417255
5.984255
5.463561
5.907554
5.835628
5.842508
7.640842
6.871112
5.635820
6.441332
5.930384
5.935716
5.758405
5.634513
5.954540
6.492748
5.788802
6.722542
5.688119
5.600792
6.941261
7.756635
5.661109
6.115764
5.482799
5.622628
5.490839
5.992002
6.312991
7.018050
6.226893
6.244262
5.959474
5.930487
7.536846
6.476508
5.745140
6.171193
6.880232
5.874056
5.992000
5.851832
6.315376
6.694616
6.167038
5.742343
6.969797
9.332829
6.188290
7.136617
5.922506
6.082658
5.716911
5.778141
5.877582
8.002895
5.472046
6.886618
6.849603
5.545430
6.480260
5.761461
6.116610
5.508073
6.467728
5.622131
5.718114
5.738804
5.611193
6.058576
5.875933
7.030798
5.685364
6.394725
5.992893
6.310540
8.849870
5.681877
6.000967
5.642227
5.838310
5.682875
6.269654
6.004284
6.245259
5.639005
5.740903
5.514484
5.759054
8.177942
6.444997
5.684474
6.930672
7.979160
6.070471
6.663801
12.724325
7.817268
8.775942
8.996855
6.896925
5.641977
5.623752
6.014719
6.200303
5.723315
5.708903
5.855113
5.581217
5.809157
6.061835
5.866821
9.956850
10.797520
7.323394
7.648809
6.138834
5.765089
7.806246
6.355899
6.042473
5.659763
6.122250
5.535662
6.166888
5.332134
5.758822
5.480008
5.800803
5.737948
8.503821
5.793404
6.054946
5.873094
5.987367
6.153608
5.869846
6.905254
9.422943
6.027003
6.336538
5.803804
6.105518
6.144691
6.299978
5.763835
5.642840
6.664545
5.589720
5.639318
5.842051
5.847628
5.857135
5.640359
5.948403
6.428191
7.068443
6.591830
5.576730
5.437427
6.351475
6.383136
6.175953
5.810440
6.305179
5.998523
5.384711
5.980543
5.845511
6.014073
5.763627
5.802467
5.968927
6.315876
10.113236
23.610862
5.907510
5.812536
5.625976
5.441283
5.452711
5.337662
6.015136
5.683059
6.783625
10.079131
8.517072
7.033582
5.694543
6.077979
5.843356
5.881839
9.267890
9.723612
5.393663
7.221497
7.556971
13.508798
6.790780
5.556196
5.608679
5.558382
5.510100
6.083573
6.196684
6.006215
5.729461
5.768145
6.823538
6.016296
5.633211
5.328147
5.679145
5.457078
5.399637
5.510196
5.579684
6.647625
5.488783
5.519383
6.154947
5.579474
5.872202
5.887121
5.963800
5.502772
5.850264
5.744756
5.906722
6.028182
8.841663
5.995126
6.299678
5.580189
5.689414
5.604308
7.028049
5.651097
5.298145
5.548107
6.185703
5.606005
5.581565
6.005025
5.872457
5.739793
5.536478
5.909479
5.446555
6.559945
6.008528
7.224506
5.443152
5.616907
5.983325
6.434685
10.631726
6.098499
5.676198
5.471311
5.711341
5.496920
6.089648
5.988347
6.028074
5.844946
5.488083
5.664753
5.522927
6.156146
5.869301
5.730303
5.677002
6.720105
5.701464
6.025708
7.132063
7.717453
5.908560
5.559515
5.455630
5.329035
5.932864
6.104908
5.533006
5.611206
5.602999
5.909737
5.906157
6.208062
6.579007
5.485476
7.604838
5.667064
6.270962
6.277301
9.904464
10.735339
8.564870
5.495286
7.493511
6.816692
8.621826
9.476446
8.556084
7.121715
7.524658
8.567047
16.841340
20.964850
22.180614
15.635586
12.404047
12.002107
6.252869
7.100624
6.103881
6.372776
8.559292
5.316571
5.814807
5.996475
5.860407
5.520261
5.345854
5.945409
5.577470
5.696874
5.827772
5.441495
6.487859
5.536022
5.496743
5.802812
5.813986
5.841788
6.679062
5.820331
5.950273
5.515449
5.589183
7.969813
5.937784
5.900368
6.346883
5.880622
5.286737
7.356321
5.579683
6.978739
8.262547
5.986462
5.355489
5.500276
5.814605
5.474300
7.904219
6.044808
7.001531
6.114932
5.668600
5.761541
5.658281
5.780267
6.123733
5.568466
6.627581
5.880972
6.004586
5.504771
5.904988
6.390789
5.745659
5.433945
10.542274
9.658457
6.027992
7.896701
5.767194
7.780678
5.559728
5.618427
5.350571
5.465389
6.984392
5.848625
5.572208
5.079003
6.197068
10.020078
6.113273
6.221021
11.391870
6.772994
5.774349
6.066253
5.981048
6.846814
6.078123
5.474524
6.175803
5.497191
5.691922
5.889128
8.267965
9.168862
5.376366
5.504308
5.760437
5.666364
6.202555
5.976804
6.083727
5.462036
5.429058
6.431707
5.583008
6.661177
5.785059
5.269825
5.910532
5.193936
5.806943
5.576282
5.773662
5.704663
5.406271
5.374131
6.317940
5.742243
8.824648
6.833945
6.998342
7.040528
5.468489
6.936809
5.908335
7.087332
5.772737
5.832163
5.468200
5.446113
5.767589
5.635489
6.159258
5.841423
6.240974
5.837189
10.613581
5.451639
6.199916
6.340841
6.602574
5.803618
12.518864
5.926866
6.022920
7.208110
6.175508
5.497256
5.621838
5.680570
5.436444
6.633977
7.893061
5.722831
5.618683
5.466473
5.581863
5.484861
6.804481
5.857503
5.794598
7.888641
5.518110
6.187442
7.025780
5.455075
9.956659
6.547717
6.098409
5.576024
6.788354
8.941617
6.097471
5.930820
5.940832
5.443058
5.448276
6.259043
5.579723
6.182662
7.344662
6.103852
5.484607
8.315180
6.216501
5.864032
5.653485
5.588578
5.522015
5.896363
5.465878
5.470493
5.866438
9.594799
13.636048
13.464231
11.437421
10.152792
9.365871
8.318861
6.625912
6.506083
9.438733
9.393011
6.121995
5.733670
6.253847
5.721349
5.410116
5.309985
5.654968
5.606388
6.832831
5.738771
5.335110
5.941229
5.799315
5.674038
5.832225
6.190122
5.523870
7.271693
5.694108
5.631905
6.069965
6.139796
5.945916
5.804988
5.408604
5.741578
5.685334
5.555325
7.310396
6.301628
5.601971
5.513196
7.456297
6.148756
5.726677
5.790933
5.393740
5.711214
5.735063
6.267482
6.102129
14.898748
9.480501
5.800859
5.857109
5.539212
5.644943
5.428875
5.607410
6.122347
5.447505
5.780809
5.715145
5.860256
6.011364
6.331209
5.701028
5.646812
5.896713
6.045247
6.420018
6.847036
5.992377
5.717541
6.077706
5.596321
5.369512
6.070347
6.103786
6.743635
5.610555
5.426108
6.102860
5.983990
5.930200
5.947643
11.391676
7.505895
5.521244
5.937258
5.968046
5.887315
6.718297
6.450394
7.709009
6.535872
6.966892
8.859145
5.309791
6.466381
5.456373
5.142818
5.751457
5.841167
5.588303
5.609435
5.534944
5.384131
6.305885
5.924222
7.511251
6.365458
6.594919
5.710314
5.560036
5.582830
5.575119
5.531435
5.389244
6.039841
5.470621
5.509318
5.789362
5.953333
6.274486
6.505790
5.475184
5.673534
13.996046
11.437358
6.734939
6.076026
7.125376
5.505740
5.985643
5.544022
5.420677
5.624398
5.376911
6.042471
5.713484
5.360794
5.712913
5.984197
5.986235
5.743281
14.535431
18.689699
6.270662
7.847228
8.572303
7.837026
6.214122
5.899102
5.981737
5.922982
8.445885
5.822716
5.631859
6.045916
5.663384
5.854252
5.314369
5.429157
6.230224
5.860279
5.725441
6.285004
5.831024
6.105965
5.969680
12.956100
5.904961
5.590233
6.084575
6.169978
5.690899
5.404654
5.798056
8.934340
9.130729
6.591732
5.596715
5.860723
5.680853
5.375685
6.980566
6.968531
5.902371
5.780442
5.224654
5.237178
6.331106
6.314907
5.491386
6.005822
5.880680
6.167111
24.412534
68.216690
62.169753
66.760949
16.386699
11.376328
7.455094
22.747904
6.146961
6.901792
7.620913
5.917632
5.427141
5.531047
5.855984
5.506644
5.695564
6.527243
5.737687
6.369727
6.521090
5.619468
6.503883
11.985852
5.643471
5.816515
6.325760
5.515153
5.648921
5.438836
5.601911
6.149794
5.289304
5.245391
5.325738
6.947184
5.743282
5.716960
5.684487
5.380066
5.745316
7.563505
8.014268
7.469075
7.077596
5.959739
6.149626
5.870218
5.965375
5.558023
5.595859
5.816255
5.942232
5.677276
6.047328
5.731616
5.327437
5.441893
5.766806
5.555400
5.417428
5.766484
8.573925
7.925436
6.734837
6.360202
6.781394
5.987077
7.922347
6.129297
5.343822
6.052444
6.072478
5.941342
5.740302
5.562952
5.661410
5.591795
5.881871
5.667377
6.020897
6.310536
6.081767
6.424622
9.998046
6.346277
10.593415
14.293434
13.709923
7.802712
6.329088
6.239915
6.278323
5.860269
8.391763
5.468064
7.041323
8.702376
9.478343
7.578728
6.320073
7.269252
7.362764
10.977757
8.573286
9.334406
6.052486
5.522896
5.563906
5.732155
7.479583
6.749461
6.603113
5.857699
6.899551
5.643108
6.073218
5.248276
5.699872
5.481518
5.912423
5.622874
7.203580
5.844243
8.965328
5.917094
6.006123
5.801393
11.668047
5.588451
5.626824
6.121483
6.296347
5.771838
6.089852
5.501539
5.833682
5.831292
5.707019
5.613634
5.525998
5.239025
5.979733
5.365752
6.140210
6.383995
6.190935
5.127984
5.425501
6.327342
5.452739
5.638987
6.007411
5.706161
6.019092
9.226598
5.468085
5.335122
5.741820
5.621931
5.603921
5.516861
5.727418
5.389532
7.423210
6.333195
6.030342
5.916317
5.940383
5.463336
5.570560
5.933839
5.379166
6.304684
6.139251
5.473379
5.580853
5.277974
5.495303
5.254629
5.404872
6.276660
5.702219
5.997888
7.522342
7.852107
5.650707
6.036464
5.913929
5.630725
5.587213
5.952568
6.012009
5.950606
6.413584
5.588372
13.515084
10.709848
14.954822
13.872457
13.307869
11.750890
11.490020
10.691183
15.240643
12.772953
10.267111
7.744642
6.074643
6.031231
6.254945
7.082556
9.052403
23.272478
9.505920
5.329514
5.585662
5.448955
5.548679
6.221026
6.999773
9.849008
9.547911
8.339607
6.214375
5.910714
5.606024
6.623312
5.451034
5.619980
5.761798
6.127494
8.248225
8.403562
5.176030
5.927209
5.671890
5.628973
8.433997
6.235408
5.802990
6.769323
7.100411
8.632401
7.493349
9.265460
8.705600
5.198286
6.646811
7.772751
5.487586
5.872748
8.840671
11.767716
7.742575
5.552129
5.745654
5.463927
5.590578
5.945705
5.851145
7.313022
10.259975
6.732136
6.088041
5.801293
5.652327
5.336799
5.311076
5.611013
5.426429
5.732825
10.399672
7.004334
5.351656
5.943898
5.848571
5.528892
5.633668
6.217055
6.302384
5.653066
5.589144
6.215559
6.646156
5.958648
5.698493
5.251728
6.454951
7.342898
6.073437
5.629327
9.564296
7.892629
6.141370
7.720519
6.080017
5.592101
5.438792
5.699139
5.618368
5.665707
6.717769
8.599529
9.133336
7.598912
7.095093
6.279809
6.747903
6.860796
5.787975
5.649510
9.401999
10.384245
6.026907
5.449546
5.738621
5.252346
5.421594
5.705058
5.659988
5.440936
5.277554
9.360057
6.355172
9.406589
8.195799
5.760237
5.631706
5.559540
6.154014
5.701383
6.129529
10.582264
7.516954
5.997681
5.550913
5.361032
7.976208
5.967618
5.593853
5.723844
5.852036
5.909560
15.376395
29.878463
28.448639
8.651316
6.860872
5.390622
5.598373
5.920088
5.671742
6.743649
7.983825
5.291885
5.827703
6.221542
6.791969
6.282609
8.632187
5.216876
5.217859
6.015402
6.509241
8.672560
9.430082
6.377436
5.670744
5.815678
5.719710
5.890654
5.693715
9.117854
8.804214
8.008704
6.908371
7.014331
6.388625
7.688220
5.894356
5.400130
5.253803
5.469545
5.710376
5.786078
6.131229
6.530988
5.732416
6.098304
5.611840
6.244698
5.659643
6.343571
13.790305
13.507629
10.421466
11.023657
8.434556
8.495415
7.098076
5.611858
5.503717
5.676617
5.688564
6.101052
6.868105
5.843508
5.094993
6.992842
5.264454
6.717885
7.786082
5.858834
9.311896
5.724644
6.030695
5.724305
5.523895
5.844172
9.091940
5.132381
5.468247
7.571269
5.438139
5.505755
5.092145
6.068416
5.367226
5.550656
5.528058
5.712243
5.773383
5.720554
7.380585
5.244963
5.916682
5.526530
6.125360
7.525055
7.831354
5.411463
5.254303
6.271194
5.496043
6.003308
5.409999
5.729086
5.604809
5.674182
6.587793
5.909186
5.449720
7.461091
9.079297
5.323355
5.846979
5.790416
5.364556
5.916491
7.080925
5.386464
5.488240
6.176566
5.288993
5.311719
5.917564
5.534457
5.460089
6.155087
5.415114
5.872903
5.152461
5.836219
5.514858
5.402081
5.498740
5.530181
5.699238
5.987343
5.465333
6.057699
5.778545
6.310699
5.320538
4.996983
5.197095
5.517664
8.572764
7.052776
5.271860
5.361543
5.419140
6.269730
5.774565
5.328170
5.285951
5.584618
9.868030
6.084198
5.861889
8.258164
6.391415
5.821248
5.895605
6.211313
6.062869
5.490176
5.787371
6.595037
6.346425
7.129297
5.336623
5.928795
5.262737
5.584869
5.798590
5.390051
6.912651
5.809811
5.613395
7.372024
5.811258
7.269245
5.396617
5.343978
5.928443
5.371692
5.377195
5.065386
5.569656
5.520743
5.354063
5.893798
5.406938
5.628545
5.539537
5.635750
5.436268
6.291976
6.090058
5.797189
6.721707
5.535495
5.276115
5.647846
5.620505
5.332070
5.877804
5.323393
5.385412
5.075401
5.386292
5.838784
5.429967
5.409150
5.615988
5.561107
5.672504
6.093655
5.542356
5.458376
5.606213
6.238379
5.348805
5.720749
5.688434
5.389672
5.470220
5.168256
5.254745
5.690961
6.180090
5.902712
5.434169
5.252003
5.459319
6.303699
5.986244
5.884537
5.040837
5.245839
5.376480
5.947877
5.727061
5.140615
5.377464
5.608743
5.380177
5.386063
5.616878
5.872974
5.785351
6.042052
5.687567
7.364255
6.502942
7.121148
6.795365
7.627988
6.226769
5.310231
5.518803
7.201301
5.896883
5.734623
5.459101
5.439615
7.628073
5.745345
5.488990
6.133125
5.426921
6.436204
5.677001
5.837548
6.366510
5.752467
5.683875
5.996524
6.984231
5.242377
5.293546
5.822582
5.716561
5.529301
5.526073
5.383913
5.086636
7.823249
5.282242
5.414861
5.410576
5.457542
5.944674
8.637507
8.727995
5.201089
6.062220
5.966415
6.199028
5.430197
5.189054
5.603304
6.332335
6.379573
6.434596
5.188483
5.430980
5.466199
5.184705
5.448687
5.195668
5.948986
5.322434
5.178510
5.513177
6.016799
5.320798
6.430720
13.834385
5.279354
5.009121
5.880643
6.334386
5.778698
6.297427
5.349281
5.962555
5.831779
5.417047
5.589040
5.265989
6.232061
5.655133
5.753719
5.135850
5.495963
5.353061
6.926616
5.558567
5.027235
5.308201
5.975383
5.679828
6.728657
6.449465
5.763948
7.086949
7.323762
5.407849
6.099174
5.341045
5.953120
5.591996
5.565887
5.514739
5.353004
5.370702
5.614412
5.290721
5.685137
5.460757
5.520950
6.211830
6.098162
7.446375
6.135402
5.673522
5.630193
6.573536
7.408813
7.368812
9.237320
7.671892
5.685445
5.414729
5.479541
5.646906
6.224126
5.341888
5.482667
5.397968
5.379379
6.639741
6.872231
6.499736
6.060714
5.852242
5.731793
5.454300
5.517668
5.311566
5.540143
5.645883
5.262297
5.280563
5.335539
5.349450
5.699306
5.199471
7.056619
6.381340
4.988745
6.377506
5.645237
5.643953
5.954030
5.295308
6.057171
5.819801
5.277477
5.560612
6.042889
6.052923
5.421775
5.079457
5.366382
5.950010
5.696506
5.736177
5.660017
5.781437
5.204720
7.739519
6.354847
5.687666
6.058145
5.312635
5.529075
5.459238
5.431103
5.668477
6.162166
6.395893
5.244055
5.326003
6.036773
5.395269
5.870599
5.320667
11.767919
5.645025
5.052719
6.319722
5.947299
5.732424
5.814144
5.978195
5.551911
5.630009
5.194557
5.768025
6.317117
7.951309
6.471915
6.569377
7.564098
5.862833
5.911730
5.198707
5.466450
10.013271
5.126026
6.197683
7.000036
7.155996
6.422772
5.353437
5.502032
5.322140
5.911086
5.899468
5.746502
5.982192
5.675347
5.493182
5.771265
5.487869
10.376988
5.166192
5.740085
6.036309
5.431766
5.958269
6.058750
6.470704
5.941909
5.413239
5.679714
5.122146
5.557208
5.593328
6.419893
5.618601
5.321358
5.484809
5.147619
5.601568
5.663376
5.653920
6.097870
6.048864
9.600566
5.986010
5.583770
5.641899
6.353298
5.487095
5.769181
5.364864
5.411879
6.889950
6.045383
5.876939
8.504138
14.237196
5.262924
5.658271
7.529488
5.430816
6.978847
7.306044
5.510752
5.901487
5.802741
5.609799
5.863095
5.674290
6.851349
6.271657
6.265368
5.709459
6.956818
6.146346
6.321053
6.205158
6.462291
6.498692
5.931647
11.141387
6.440023
11.801918
12.020304
6.400588
5.439597
5.784393
6.039830
5.455124
8.481052
5.698875
6.115892
5.944506
5.447098
9.845459
5.886888
5.616762
5.247097
5.378679
5.616366
7.134199
5.275872
5.119186
6.421844
8.100237
8.551852
6.695594
6.554809
6.393248
8.359604
5.865658
6.678463
10.101662
9.652936
10.968348
5.782904
5.433030
6.168187
6.153851
5.688698
9.915676
5.654587
5.598572
5.910030
6.488399
7.152459
7.738559
6.073639
9.934469
8.563468
5.760637
6.766606
5.865965
12.274806
8.581584
5.442054
7.195678
5.827056
6.078577
7.845208
5.722214
5.242303
5.995140
8.204256
5.810760
6.448685
9.312015
12.999055
5.152194
5.553936
6.557134
6.129850
5.483804
6.152007
5.411909