127.152802
244.371339
209.789864
250.644995
288.050536
178.615943
155.738618
279.881050
125.444701
222.790857
192.188162
54.748236
38.191039
71.771566
33.728497
16.622402
16.639698
18.896726
44.160337
235.176352
35.881873
125.814971
142.187233
185.001711
232.609495
101.531835
202.456052
113.833556
216.021135
189.509713
281.651999
186.204450
205.277541
134.380045
215.051211
389.344002
52.287782
53.308200
13.405249
10.141571
94.834220
38.355549
83.838767
18.056007
84.534436
93.721626
86.874646
80.253450
80.165717
12.059893
16.400951
25.285914
13.969763
84.793757
88.139613
16.710776
21.292972
77.564054
90.088314
89.752897
26.751967
66.762204
90.430294
89.192889
95.275438
101.165860
100.362283
90.852713
104.615644
73.804574
100.206733
171.581420
97.633095
181.773192
98.523885
93.388544
177.662983
100.235509
106.003538
21.115496
9.738281
10.253912
11.147631
10.962875
10.239778
18.301358
21.532813
10.177773
14.947228
17.189086
17.468054
10.924283
17.192601
20.408603
29.355196
75.162274
11.224210
25.808970
88.590636
71.019095
9.125560
9.465810
9.630107
10.459769
9.388965
10.876038
12.022757
10.924549
11.595276
13.912502
15.503007
9.594293
13.362408
19.665037
21.248682
9.892940
14.171069
10.207914
9.849547
9.338279
9.567143
10.990121
9.697085
10.279472
9.642671
9.433073
12.020712
10.491439
18.484292
17.617084
18.216935
9.756388
11.910842
11.250171
10.246378
13.372320
10.204533
10.632427
9.477545
9.784573
13.207368
9.007564
9.308456
10.356061
9.766312
9.980171
12.984470
9.625264
10.408973
12.953505
12.141209
9.655560
11.644587
17.697091
20.773570
15.484356
32.125576
44.140643
17.065917
14.025828
25.310305
9.193757
9.321364
10.977267
9.490573
9.899592
10.452626
9.277109
10.675216
10.743304
12.131573
10.475528
10.043638
9.664817
9.770660
9.873151
10.045398
10.073396
9.924594
12.797370
10.713390
9.294598
9.325241
10.800316
9.336319
9.131071
10.916161
9.360390
11.867439
13.092053
12.816546
16.274400
41.581661
28.501206
17.600233
47.427927
16.004504
11.266760
9.485102
9.768438
20.079641
9.948592
9.511864
10.521203
11.852209
11.493953
10.613090
9.378502
13.760409
13.964517
13.131360
10.760666
18.374529
16.200711
13.328857
9.892347
9.617967
12.855487
9.864943
10.405620
11.153001
10.009013
9.263869
9.879570
12.277470
9.413953
9.578797
9.985711
10.848929
12.151068
11.857008
9.687468
9.109875
9.441105
11.918327
24.416192
23.884105
56.632135
45.848851
51.004393
44.294253
26.081299
9.391945
9.872578
9.704642
12.998659
11.372762
9.949449
9.897115
9.671116
10.333212
9.753374
10.373181
19.935369
22.179750
12.685802
18.637601
9.511126
10.440853
11.475938
9.760019
12.355597
11.595288
12.734553
9.592358
10.453230
10.776327
9.424988
10.446567
11.356928
13.867922
9.189826
9.794007
9.515215
11.410947
9.847085
10.147852
9.551740
9.701639
10.100510
10.764684
10.503449
9.397360
10.387517
11.430691
12.484986
11.055199
9.515769
10.873380
9.392415
13.049227
10.265808
10.282071
9.908957
10.765482
9.475909
9.396553
9.501989
10.182168
10.818203
9.518474
11.099414
9.936887
11.660496
9.389795
9.816722
10.242641
9.889980
10.799248
13.370771
10.418079
9.797164
12.016848
11.312249
12.880457
9.726335
9.791335
10.223490
11.086339
12.566133
11.027353
10.544354
9.338670
11.832229
8.989087
9.697561
10.476109
9.246914
10.649246
10.923041
14.205954
9.558834
9.242833
10.009311
9.758185
9.188272
9.108698
9.516055
10.221044
18.468879
11.707306
11.192208
11.643743
11.531776
9.401361
9.380651
10.085547
10.185670
13.181509
14.203517
9.638965
9.053331
10.908642
13.942268
11.481600
9.472850
9.959521
9.492660
10.952691
20.676541
12.175176
22.560528
40.303001
23.220089
10.315215
10.017540
10.286829
9.547218
9.291826
9.423880
9.948961
9.712021
9.180145
10.299217
11.158473
9.200286
9.392047
9.669940
9.688573
10.731405
10.786815
13.895635
9.921816
12.936302
9.258757
9.045889
9.677977
9.485073
9.685123
11.499523
9.662611
9.436456
9.585723
10.165948
9.562339
9.531984
9.870595
9.271155
9.594595
9.085673
11.119566
11.310675
9.526429
10.731615
9.088189
9.323267
9.380765
9.374125
9.496174
10.353284
11.547418
9.056991
9.253601
9.623558
9.650632
10.105000
9.251609
9.833267
10.069958
9.390210
9.702642
11.945680
9.619655
9.892720
9.524048
9.413454
9.323356
12.004001
10.330095
9.359571
10.446058
9.398081
14.193911
16.320826
20.531943
12.106815
14.980922
10.533900
13.481172
9.561832
9.527611
9.613136
9.946790
10.777987
9.185250
9.284226
9.278008
10.951130
10.173644
10.622993
10.558443
9.260478
9.509179
9.690020
10.470172
9.790074
9.412210
9.316112
9.754196
9.530785
11.883769
14.480363
8.981016
9.994930
9.065612
9.149316
9.458382
12.919193
9.462072
10.435908
10.546863
9.599543
9.671079
9.947167
10.484593
9.400785
9.039718
9.219940
10.714393
9.747183
9.373213
9.035770
8.992471
10.553371
9.238870
9.118245
9.838091
9.252364
10.008974
9.890457
15.198940
9.098156
9.441846
9.156064
9.843262
9.045756
9.607024
9.139388
11.590637
10.344853
11.726553
9.563509
9.480514
9.879431
9.037903
9.178684
10.221424
9.895203
9.959954
9.715612
11.539291
10.785326
9.543701
9.317114
9.917199
9.196055
9.375087
9.200161
11.383141
9.424336
14.635106
10.049982
9.521278
9.986599
9.338648
10.135819
12.449033
9.202595
9.437943
10.435995
9.858967
9.201742
9.271634
9.400992
10.395868
9.374722
11.949958
9.377128
9.953507
9.858365
9.978673
9.669223
9.882261
11.270295
9.730992
9.888808
10.476929
9.371755
10.182048
13.339224
10.027407
9.684869
11.516123
10.144905
9.758239
9.284818
9.796400
9.277434
9.736837
9.386053
17.948515
13.258715
13.175528
11.797007
16.170784
25.362029
12.120685
9.652658
11.816663
9.898008
9.253433
9.343887
9.141553
11.967845
9.299406
9.319741
9.799881
14.648454
21.415479
9.180579
9.675033
9.139811
10.476916
9.806676
8.929637
9.401222
10.160041
9.413814
14.629228
10.007754
10.964311
10.059077
11.339239
9.975724
10.033351
10.102040
9.562730
9.413447
9.456392
9.922705
9.588464
9.148280
9.429692
10.055493
9.566440
9.662875
9.466916
9.480758
10.664345
11.821713
10.869495
10.955006
9.310647
9.673195
10.610180
9.070911
10.172361
9.163460
13.031843
19.676775
9.819850
11.064240
9.453140
10.302980
9.783961
10.707876
10.110128
10.075242
15.932338
18.937214
20.231834
18.354146
10.035268
10.539606
16.461022
11.479834
12.441891
9.617657
10.789236
12.060174
9.300808
10.695226
9.935289
10.686058
9.586194
9.593274
9.205351
10.318283
9.638345
9.411165
9.951174
9.371199
10.577944
9.874285
9.400399
9.076809
14.525588
9.438949
10.208583
9.815526
9.912910
9.551342
9.636942
11.052718
9.054706
10.812064
9.279541
9.442276
9.309471
9.176155
9.543830
10.379810
11.319510
9.492077
9.192968
9.141175
9.701733
9.269237
10.430809
9.178153
9.153468
9.615591
9.334664
9.669809
9.240700
9.477088
9.942152
9.479858
10.203765
14.597555
11.209617
9.884475
10.228177
10.318336
9.460959
12.397667
9.593201
9.178068
9.568979
9.965247
10.006577
9.463027
9.928499
10.035237
10.240552
10.248994
10.520353
9.827755
10.098103
9.632551
9.486406
9.952251
9.411340
9.682563
9.806781
9.348828
10.254861
9.200457
10.000772
13.010988
9.812860
9.210201
9.363102
10.549183
9.134049
10.297864
10.375807
9.675515
9.996478
9.811693
10.246963
9.821254
9.799143
9.783443
11.501825
9.021962
10.129096
8.908257
9.539577
14.016216
10.010999
9.881746
9.263502
9.886659
9.550401
9.490665
14.651618
10.604966
9.932286
9.672721
15.358613
11.660569
10.414341
9.437505
9.374174
9.429574
10.073038
10.327926
9.682396
10.641859
15.547719
11.964452
9.432531
10.283014
11.037925
17.637424
13.931724
17.463090
14.082274
11.882957
12.450601
14.445119
9.362942
11.569588
9.472878
10.151215
10.391694
13.896287
10.476544
9.801535
9.825551
10.591916
9.383566
9.331056
9.149195
9.301795
10.759079
9.324308
9.779103
9.664580
8.893989
9.797417
12.132191
10.889219
9.507970
9.110433
9.310019
9.275849
9.927471
10.082896
9.191051
10.337559
9.333724
9.210192
9.202260
9.333885
9.862587
9.608602
9.341016
9.600002
9.495067
9.552688
12.691049
9.531719
9.594602
9.382579
9.381884
9.094236
9.669481
9.182048
9.796776
9.162050
9.530164
12.119194
10.099844
10.161019
19.159868
24.442320
30.936209
30.594130
15.955107
68.982455
11.543702
14.475083
10.082279
9.658125
10.916749
9.322147
10.226643
10.056411
9.423350
9.172151
9.762681
9.152297
9.996996
11.156990
9.581636
9.149127
9.526858
10.099841
10.209397
11.624273
11.932306
10.427115
9.392897
9.295446
13.569495
8.961366
9.698692
11.279480
9.656221
10.696243
9.470327
9.012998
9.170517
9.267492
9.641845
9.202832
9.332746
11.204678
12.708321
10.518539
9.307539
9.575086
9.278231
9.433328
9.985839
8.888380
10.072411
9.697031
10.059086
10.148825
9.474442
9.130760
9.218785
9.126075
9.697318
9.594763
9.394521
13.523801
13.516466
11.432319
8.930559
9.174688
9.948162
12.040915
11.131472
9.265614
10.123706
9.717790
9.412050
9.385003
9.348558
13.616345
9.317867
9.080907
9.195169
10.811382
9.604342
13.202614
11.102201
10.475304
9.250630
9.609191
9.924840
9.462036
14.496581
9.849304
9.837938
10.067772
9.447838
9.717140
9.842882
9.549777
9.793205
9.590606
9.322673
11.372122
10.525744
10.615608
10.400760
9.426409
9.760275
9.315283
11.020501
9.354061
9.147007
9.541698
9.650869
10.280699
9.659950
10.505902
9.570439
9.044840
9.067544
10.062245
9.211442
10.268371
9.047501
10.022803
9.761888
11.416632
9.372959
9.774992
13.691350
9.616868
9.209929
10.261232
9.503250
9.525326
10.154832
9.268163
9.927599
8.993036
9.643433
9.483047
10.391482
9.165243
11.994711
17.495016
16.050076
11.757899
10.368851
14.532230
14.543317
14.835563
12.678682
9.547674
9.481826
14.899023
9.218401
8.731208
12.067316
12.282715
9.365468
9.061750
9.111098
9.278925
9.250270
9.804896
10.184025
9.567600
9.147794
10.673202
9.376937
10.123279
9.308240
9.833268
10.110543
9.614544
9.113448
9.688428
10.545439
9.261668
9.771606
9.824849
9.278914
9.360872
9.176099
9.321693
17.149512
13.657846
9.294577
10.172255
9.611467
9.714559
9.485697
9.185753
9.450953
10.252513
9.185251
9.389790
9.976583
22.155445
28.997435
48.771423
25.318348
13.468470
11.756521
13.779555
14.669720
9.942467
10.663082
9.107334
9.260543
9.280617
9.327522
9.188341
9.322443
9.352605
9.179885
8.936069
12.891365
9.294104
9.125329
9.010174
9.240789
10.908249
8.777518
9.802068
12.216254
12.083936
9.073019
8.905508
8.699482
8.987889
9.158442
9.428060
9.913725
9.387750
9.706592
9.342240
10.088106
9.916855
9.215601
9.084793
9.890097
9.571009
9.065752
10.423524
10.426667
15.690636
9.439454
9.706628
10.029382
10.242615
9.625959
9.129936
9.999026
9.303102
10.002491
13.116641
9.333429
9.148618
10.140367
9.313347
9.330405
10.364959
9.982290
11.813606
10.026040
10.107275
9.239956
9.817212
9.341192
10.122201
9.434065
11.822167
11.660016
10.302064
10.502790
10.061155
8.946608
9.834991
9.588762
9.338752
9.312071
9.318698
9.209134
10.084981
10.571513
12.558225
9.764156
9.918319
9.432640
9.919977
9.294804
9.848681
11.264508
9.949436
10.004602
9.275179
10.558636
9.419512
9.493938
9.282457
9.712611
9.447973
9.154326
10.144033
10.303281
9.276314
8.934910
9.455882
9.495631
9.309908
9.045200
9.533195
10.739544
9.483724
12.167096
9.228256
11.097241
9.493432
9.407776
9.150405
10.096111
9.801597
9.100712
11.000054
10.498985
12.836831
9.751092
12.182884
9.105673
9.589397
9.296512
9.288989
10.029353
9.538957
9.366711
10.099701
10.272593
9.392971
9.263516
9.203229
10.034989
12.818378
9.802522
9.406859
9.535128
9.725463
12.800395
21.638137
20.978584
50.155620
35.258076
18.139866
13.910128
14.103266
9.949492
9.297680
9.915148
8.830251
9.472274
9.977562
9.246804
9.099478
9.006288
10.550962
9.415476
9.330109
9.946758
9.344905
9.424694
9.155359
9.155945
10.839500
10.233586
10.022972
9.452362
9.407209
14.797022
9.786042
9.190413
9.397109
10.034405
10.213802
10.663000
11.261735
13.488068
14.992900
9.378528
9.120810
10.018800
9.384308
10.327690
10.361283
9.240715
9.093802
23.422839
22.667096
53.203287
29.725472
13.569517
10.374782
11.746012
13.207696
10.595781
9.454725
9.588493
11.649402
9.618463
9.439233
9.677640
9.178223
10.137972
9.642347
9.703209
9.068312
9.064222
9.744883
9.263430
10.167675
9.436171
9.383532
9.239796
14.428224
9.385688
10.006176
12.752938
15.456493
9.464015
9.501651
9.649092
9.236211
14.934798
10.844492
9.959616
10.007509
9.344637
9.845377
9.878809
10.931145
10.144883
9.108221
9.913380
9.922447
9.667441
10.392650
10.044442
9.630893
9.594863
9.576462
9.109966
9.001332
10.494465
12.861379
9.790022
10.245108
10.970796
10.242335
12.550422
12.986303
10.584456
8.964896
9.501892
9.321224
9.189857
9.554575
10.071241
9.574468
17.168084
27.308918
12.130902
9.109757
10.276937
11.781447
10.968401
9.331870
9.921924
9.758570
13.798475
10.503773
11.291488
9.521982
10.930027
9.597137
9.083527
9.120816
10.574382
9.008186
9.144721
9.071132
9.184608
9.096534
9.855830
9.603044
15.106592
9.619238
9.908516
9.360831
16.960164
13.441973
9.614754
9.613481
15.657604
9.673515
8.889719
9.139951
9.513973
9.596379
9.681733
9.047308
9.322022
9.151509
9.356700
9.111762
9.868123
10.856741
10.049173
9.326494
11.892466
12.608790
10.708683
9.425291
9.063621
9.429702
8.982621
10.491898
9.553856
12.453503
10.313145
9.423722
9.227159
9.095207
10.459763
10.012896
9.069781
21.231729
9.749069
10.265014
14.851723
13.243027
11.343005
11.435454
9.527870
9.120131
8.934561
9.078728
9.686201
9.422042
13.859168
16.481209
12.581952
11.080617
10.684493
10.541747
14.573472
18.368788
38.846142
15.376396
9.339819
9.294788
9.246178
9.775963
9.298305
9.228093
9.249309
9.125804
10.155593
9.069933
9.041360
9.300680
9.392953
9.149869
10.559202
9.301357
9.708246
10.328788
9.553439
11.174719
9.641043
9.600327
9.646285
9.493802
9.264784
11.741503
9.212610
11.005200
13.369181
10.150112
10.478552
8.970913
9.125105
9.224464
9.933069
10.152526
10.243315
9.390919
23.500326
81.179979
16.119005
55.768056
53.922288
14.039248
9.528730
20.466893
10.044463
9.273505
9.222652
9.160668
10.557502
9.182819
9.202509
9.699105
10.478638
10.294146
15.307549
11.335582
13.269617
9.114505
9.192510
8.803779
9.990337
15.235701
9.150678
12.086163
10.319310
9.562286
9.803793
8.906573
62.422982
46.103539
48.724313
61.882620
46.399534
45.100046
10.511204
9.252861
10.945801
9.554912
9.501872
9.285472
10.039323
10.280054
9.833899
10.851550
10.432135
9.423580
9.938713
10.831089
9.709647
9.600360
10.167907
9.874862
10.231355
9.621272
9.244261
9.395507
9.551832
9.457496
13.808931
9.072024
10.598820
9.551878
8.950335
10.025295
9.819427
9.082779
9.653953
9.137348
8.757449
11.387462
9.418484
9.167451
10.635699
11.660892
8.843696
9.391872
10.149730
9.083519
10.455212
9.431119
11.069429
10.421894
9.235568
13.010505
9.187656
9.325582
9.726248
9.242130
9.145042
10.016402
10.196038
9.270741
9.514815
9.361633
9.465937
9.556042
9.995910
10.383120
10.014266
9.285391
10.545952
11.097756
10.085130
9.413165
10.463681
9.963461
10.322287
9.218765
9.163327
12.287364
11.224155
9.921764
10.536759
10.999973
10.921297
11.109838
18.625910
9.483584
9.950627
9.254720
10.382563
11.563115
13.649839
12.196620
11.319657
9.151374
11.444859
9.076030
9.083597
9.936345
9.757126
9.212806
9.763576
10.072057
10.001830
9.736064
9.602058
9.341219
9.887647
9.109131
10.387419
11.387628
9.618174
9.226335
10.363900
10.152739
9.596762
10.008412
10.648089
9.985208
10.849262
9.164459
9.407452
11.285572
10.024299
20.170861
14.079980
11.019048
13.784351
18.627405
10.794409
13.600405
12.062874
8.852515
10.223732
9.686705
13.865323
9.122413
9.162331
9.070086
10.087618
8.970192
9.597660
9.294718
14.012264
9.299906
8.831025
12.854209
9.364994
9.829793
10.323974
10.413492
11.839656
9.441110
11.291819
12.657277
13.895944
9.936558
9.358691
9.593526
9.831441
9.013318
13.664531
9.718420
10.161851
46.988489
11.158416
9.256267
9.511626
9.967617
9.252941
9.270301
9.542034
9.974905
10.253747
9.873642
9.153552
9.638775
8.974885
10.188943
12.413308
18.699843
12.088952
17.069244
55.336867
11.280106
16.611385
9.857831
38.036152
23.801071
54.165927
72.087265
59.266728
85.272632
79.734414
112.151349
90.022993
119.332016
18.130925
66.191231
66.269069
13.958139
17.588306
67.829797
11.529794
10.721757
15.604695
9.125190
9.430085
12.653567
9.589586
10.626259
9.648616
9.611004
12.566039
9.521497
8.664086
10.039085
9.391177
8.954741
10.464759
10.164806
11.605010
13.250485
18.603381
68.996027
17.262945
68.657229
10.333079
9.841024
9.404997
9.330071
10.703610
9.698452
16.860028
11.231132
11.898535
23.814315
73.703691
12.448396
12.042185
14.499088
56.183664
9.998530
11.227944
15.751131
9.591214
10.776119
9.963168
29.394418
9.405526
9.501143
9.092786
11.542197
10.774938
9.081226
9.600362
18.368738
8.778455
10.097872
9.348258
11.953320
9.359324
9.621279
11.332549
11.876376
9.507748
9.425070
12.675725
8.909569
9.688196
10.733168
10.780534
9.465491
10.954500
9.249790
9.286184
11.041003
10.763473
9.831266
9.354521
9.261877
8.974952
8.950272
13.239411
17.821287
14.237077
10.370876
11.440437
8.930524
12.073268
11.962572
10.597675
9.612336
9.943907
8.910740
9.396494
13.254261
8.902029
9.507866
9.368930
10.927119
10.594319
9.770082
9.350821
9.513328
12.313783
11.040051
10.350314
8.778599
9.645600
9.504222
9.438760
10.211469
10.700688
13.033129
9.657345
10.657925
9.869322
10.748300
8.937935
10.218343
9.008195
11.029906
14.138568
15.772973
46.668020
12.236510
44.896599
14.083106
35.345237
29.690727
33.483899
9.673510
11.855511
9.209895
9.636397
21.181900
15.328365
30.368862
15.313990
32.402052
10.757810
29.363129
14.678938
10.984898
8.919839
9.024397
9.452455
9.289607
10.641616
9.631147
9.005750
23.924407
17.164263
17.712754
14.315843
9.518662
10.444759
27.204046
36.238823
89.184037
56.463456
16.906384
81.626958
11.680952
8.995884
9.551058
8.874350
10.757989
9.076692
9.042738
8.643873
9.545663
12.274995
8.978723
9.307065
9.339015
9.465996
9.440983
12.073129
11.864576
12.443426
11.767100
8.963118
11.557803
9.355601
8.772405
14.279690
16.083321
9.521635
9.877794
11.187462
9.352674
10.138453
9.553638
9.331315
9.804138
9.940876
8.716553
10.080910
9.317237
9.394450
9.234375
9.148111
17.727884
10.476209
9.142832
36.787359
24.012261
9.261958
17.394699
17.638387
9.670878
14.768607
10.035644
9.202697
8.779560
9.209758
10.353083
10.098954
8.850001
10.498765
10.927585
10.919940
9.889417
9.119005
12.609728
9.557260
9.338135
10.607119
10.585429
9.056554
9.699406
9.780842
9.233966
8.929904
10.757916
9.171790
9.717773
10.350157
8.756315
8.691810
15.157617
10.124443
9.256422
9.357740
9.735922
9.686044
9.911930
9.240381
10.402994
9.598842
9.482874
9.754189
9.549133
9.204197
8.854036
9.355541
8.780087
9.385202
9.008834
9.297923
9.561047
9.338137
9.644614
10.477780
14.566787
9.355375
9.610542
9.006762
9.217791
11.523292
9.357581
10.411423
9.061596
11.417229
9.308874
9.086665
9.032198
9.696903
9.010876
8.870347
8.794240
15.174654
9.742356
8.967179
9.456701
9.423246
9.268611
9.068118
9.676922
13.219727
9.296020
9.900504
9.133952
9.059998
9.365673
9.069781
9.022458
9.956426
9.451746
9.746270
8.976838
8.931996
12.514141
9.149723
9.284933
8.687147
8.751670
9.067575
10.932355
8.660531
11.555895
23.796136
9.225873
9.105554
9.740942
8.895707
11.182221
10.842266
8.888624
8.982467
8.590725
8.825778
9.863253
13.519219
10.802265
11.727768
12.663037
15.355976
13.470441
29.610511
13.544878
17.541824
11.396466
12.906667
9.750270
9.195837
9.266522
8.567531
9.017950
9.215104
10.249733
9.719826
9.030569
10.466312
9.969183
9.340771
8.776258
8.933547
9.111621
11.548233
19.655667
13.382766
9.639123
9.275631
35.850445
26.049857
13.192447
11.538220
10.207173
13.856255
20.539055
9.035521
11.783488
9.152400
9.698507
9.143187
9.045471
8.874939
10.135543
9.613488
9.759040
9.911198
11.158295
11.278647
10.326987
9.099579
9.323387
9.845725
8.914131
9.699013
9.500988
8.944772
9.601601
9.093501
9.018650
8.761616
9.168171
8.585144
9.179476
9.605782
9.015665
9.405015
9.219233
8.772144
11.903904
9.090139
12.123391
9.761781
8.956352
9.517544
9.184388
10.154597
10.411441
9.468175
9.675270
9.874946
9.349407
9.512024
10.123477
9.490551
9.212539
9.489866
9.263995
8.995049
9.062107
9.023397
9.255618
11.155985
9.119433
9.686998
9.267896
8.811099
9.258015
27.801366
12.611808
9.680431
11.469447
8.716074
9.600258
8.999860
9.249329
11.348864
8.520677
9.048006
8.962812
8.940081
8.918624
9.069881
10.903018
9.437354
9.105346
8.716177
9.351000
11.792161
11.619041
8.903295
10.258335
8.759559
9.191178
9.706097
9.051174
9.490395
9.256719
9.081128
9.276558
8.943420
9.137364
9.526158
8.788823
9.202893
10.292410
9.285029
9.218626
9.326925
9.707780
8.962345
9.862979
8.633910
9.487960
9.790153
8.783494
9.163571
9.193420
8.837113
9.292171
8.768454
9.622209
9.709081
8.796871
9.133002
11.487705
8.810679
10.463270
92.658378
250.164066
164.436714
180.770212
210.285894
114.634377
277.474916
209.900451
155.938366
140.249080
152.511943
42.520330
90.196408
94.014929
77.736091
36.763800
31.703427
22.578056
35.947104
17.918906
13.912786
9.786863
27.189363
9.003492
17.116862
18.357379
25.444611
22.675539
10.490641
15.529997
15.179662
12.423843
19.705932
8.660833
9.702394
16.591888
16.414071
15.841476
9.361659
12.513659
9.478348
8.893228
15.174239
10.162843
10.949197
16.254703
23.267124
56.527317
12.080123
19.189795
59.864133
82.505055
71.246849
16.171090
14.931519
71.746125
63.290938
76.659535
10.386114
70.217909
10.136876
10.086948
17.470523
18.227214
22.038799
17.022049
44.301237
17.267582
11.499802
49.854590
13.727731
14.267306
19.195098
65.493597
77.175014
13.226507
10.491382
10.733319
76.431045
21.058894
9.562325
9.308758
9.667804
9.110954
9.704908
9.584651
9.667109
8.469046
9.406719
9.489862
9.053630
12.570410
8.766858
8.737687
10.070122
11.382788
15.510406
72.532648
14.885461
17.955999
8.940175
9.091489
9.770552
9.301165
9.265635
9.603823
9.722195
9.038661
9.701995
8.891543
9.735733
8.603090
8.709635
9.842752
17.072217
14.978626
9.092699
9.630539
10.781599
9.518915
12.337975
9.073060
9.310575
9.114197
9.288622
9.834466
8.893069
8.994293
11.674160
8.822045
9.931367
8.987318
8.688028
9.241606
12.820014
17.304308
28.800945
14.072519
10.961322
10.322046
9.291034
9.270155
9.280197
8.930318
9.519876
9.299458
8.568482
8.842542
9.802069
8.934580
16.232173
8.985606
9.763530
9.178940
8.809518
10.679325
9.092562
8.722402
10.852922
9.403749
12.129455
8.913139
9.369020
9.037507
9.866655
8.754045
9.030708
8.854802
9.176937
9.487587
13.409344
9.068862
8.969686
17.581248
14.672089
10.000725
10.489373
8.804901
16.885966
10.088593
13.921081
8.858371
9.760682
8.998499
9.288186
10.206075
9.704025
9.841486
9.599439
9.205420
9.727952
10.094894
10.993724
9.371694
12.592479
11.770716
9.599535
9.214116
10.117472
14.918964
14.196573
9.333327
10.465502
8.711495
9.961361
9.147132
9.410788
10.389254
9.799486
9.173918
9.185173
9.549447
9.259246
8.903080
8.622393
10.068607
11.509256
8.496772
10.653203
13.000186