39.992814
224.991635
161.974135
30.176373
52.687146
290.303828
285.369061
254.830554
3.550887
4.205185
3.999201
3.481159
3.264125
4.188769
3.790840
3.955975
2.687671
5.042010
2.778243
5.701026
3.620397
4.105160
5.220852
3.904088
3.360770
2.916743
2.843158
2.136988
4.827719
6.795842
1.920660
1.968994
6.093135
2.029295
1.800355
5.652304
3.204005
1.701137
1.947996
1.672792
4.300878
5.153504
1.946772
1.606318
1.781984
2.285452
1.757075
3.084546
2.255159
2.848016
1.820434
1.936332
5.704449
1.744948
1.915774
2.340304
1.726163
2.155581
2.650498
2.500135
3.443680
1.751994
2.596752
2.428883
1.582855
1.589134
3.619918
2.154781
1.906652
1.612767
1.589769
1.985695
2.312305
1.929236
2.538873
4.246446
6.560737
7.024041
13.557817
1.565713
2.084045
4.217764
2.368429
5.140363
3.593701
4.428096
7.896943
2.683606
3.387636
1.899862
1.495066
2.373338
1.508171
2.861323
5.139044
2.039385
2.788413
1.944407
2.325394
2.676881
2.016902
1.815519
3.675668
1.661361
2.716477
2.625461
3.295993
2.888206
7.454633
4.633258
2.481881
1.932568
2.554162
3.041199
2.938538
2.831552
2.034703
1.600768
2.365400
1.882108
1.705354
2.306703
2.871952
3.585436
4.207059
1.370585
4.321178
2.368967
3.003748
2.046033
1.307296
3.821299
3.684859
4.668587
2.884297
4.431233
2.709993
3.532016
6.831779
3.508231
1.547615
1.531747
3.013348
2.788572
3.173150
3.197261
4.474356
2.857609
4.731835
5.201334
1.808745
1.824648
2.486513
1.658379
1.746317
1.403340
5.254486
3.592746
4.005912
2.351263
1.568251
2.683538
1.785534
2.192299
2.595366
1.511009
1.720281
1.872356
2.516280
2.023242
2.090398
4.149776
1.707896
2.081219
4.211574
5.246162
4.079642
5.092152
6.199686
4.652479
3.607695
7.143590
6.631334
3.731066
3.837950
2.537019
6.233818
4.714953
5.105373
2.977099
2.675477
2.334128
3.528711
4.005020
3.107739
1.299484
2.913246
3.861352
3.895619
4.045931
2.547103
5.161500
3.941147
4.227529
6.323581
1.717595
2.233152
2.801034
2.156492
1.403576
1.897563
1.669228
2.033087
3.455642
3.987172
1.868207
1.736584
2.549599
2.883210
1.373732
2.351439
2.324927
1.565241
1.818462
1.585958
1.926004
1.864945
2.630935
4.129498
2.003585
2.030488
2.076735
7.039583
9.369306
2.707421
3.191353
4.434024
3.053115
1.446165
1.835111
2.022328
1.877378
4.016909
2.803349
1.749916
2.335890
1.305486
3.119221
1.632423
1.746544
4.735713
1.825216
1.991463
1.782926
1.709855
1.491783
1.842408
1.764351
1.481715
1.977346
1.598574
2.910429
1.569391
1.463742
1.837304
1.465470
1.797509
1.475849
1.762688
2.845860
3.450662
2.292409
3.055793
1.720505
1.469751
1.389403
1.843221
1.434725
1.540328
4.025638
3.380658
2.692266
1.652102
3.523675
2.445892
3.050749
1.819818
1.655221
2.808670
1.740876
2.101495
3.138967
3.044538
3.610349
3.481666
1.516269
2.029789
1.447880
1.556365
1.484868
1.698612
3.531222
1.570759
1.422716
1.610012
3.328311
3.263678
2.327658
2.271465
1.996586
5.031256
2.943582
4.112765
1.555481
1.561508
1.529054
2.348238
1.714479
1.592872
2.081203
2.376559
1.643879
1.451818
1.983920
1.275407
3.036984
1.631726
1.305084
3.963031
3.672790
3.289987
2.899561
2.701823
6.496958
1.490868
1.756987
3.293189
4.144840
1.777315
1.548411
1.681262
2.883600
1.888408
1.750722
2.499803
2.647609
6.469758
1.742297
2.892275
1.407274
1.951865
1.933413
1.338607
2.699776
3.819684
1.314770
1.546518
1.605373
1.267625
1.433975
1.473305
2.209349
1.689284
2.162779
1.845372
2.489666
1.695469
1.578744
3.250016
2.441181
2.693647
1.748239
2.890492
2.890307
1.413895
1.146471
2.369750
3.902342
6.966860
2.092859
1.794911
1.428343
1.845012
1.315558
2.656179
3.706273
1.568039
1.565195
1.388453
2.150663
3.149743
3.469651
2.709110
1.711212
3.757514
2.729075
1.748530
1.819946
1.366493
1.582548
2.598981
1.531017
2.116316
1.333754
2.723455
1.223239
2.565764
1.414622
1.265919
1.685709
3.013004
6.186789
2.092329
1.461896
2.289470
1.258395
2.299282
2.231104
3.442829
1.142982
2.214498
2.805850
1.797016
3.772635
1.102092
1.331980
1.336101
1.350930
2.031864
1.182955
1.589379
1.894003
2.275432
1.331520
1.327611
2.529130
1.378165
1.255182
1.965749
1.405020
1.545031
1.376299
2.165358
1.243034
1.672993
2.898668
3.276070
1.342886
1.200114
1.239514
2.192951
2.576861
1.488572
1.362940
1.476943
1.759244
2.435543
1.337617
1.328874
3.480172
3.933162
4.108476
2.377177
1.206471
1.722352
1.887732
1.939708
1.896580
1.590328
1.368395
1.854765
1.851475
2.176574
2.222981
2.071419
1.493154
1.453412
1.679987
2.151989
3.297332
5.270444
1.457174
1.599068
2.447740
1.400345
1.910821
2.728704
3.273355
1.487635
1.192521
1.189262
2.539425
2.310184
1.277898
1.763563
2.411776
2.679173
1.725354
2.516736
2.707010
3.883910
8.366584
4.714654
1.391181
1.391061
1.592060
2.079417
2.211231
1.308419
1.729868
2.630715
1.892774
1.851705
2.994504
1.776757
3.754670
1.694041
1.219892
2.027209
3.158134
1.412988
2.452244
1.690007
2.679396
2.400234
2.282856
1.927950
3.654899
3.648245
2.617092
1.942556
1.606777
1.667530
3.887078
3.800453
3.095128
3.351898
2.385168
1.715705
2.702464
1.907226
2.036059
2.740441
1.107807
1.392946
1.725944
1.879238
1.925490
1.749425
1.733029
1.311073
1.506070
3.295217
2.117318
2.665747
1.613101
1.182054
1.758325
1.729499
1.717429
1.795338
4.751611
7.966867
5.338242
2.834237
2.191751
1.849302
1.953885
2.106574
2.551419
1.400555
2.154821
2.483380
1.245319
1.744735
3.410971
2.312617
1.655909
1.576385
4.132019
2.204432
2.204499
1.443961
1.363177
1.186493
1.417414
1.720148
1.892942
1.055186
1.195150
1.123628
1.613042
2.980339
1.638337
1.370838
2.735708
3.255327
1.735280
3.976463
1.713992
1.409303
1.592565
3.014512
2.470500
5.145093
2.286179
4.186087
3.344830
2.267861
2.931426
2.103339
1.356113
1.105521
1.436938
2.487776
2.232182
1.244832
1.178581
1.356330
4.767003
1.313973
1.474075
3.777258
3.878485
4.203405
6.368043
1.751674
1.359734
2.574646
1.420807
1.508697
2.369743
1.884909
1.403109
1.248373
1.085884
2.006249
1.706898
2.293853
1.515999
1.147195
3.495599
3.382509
1.388566
1.436217
1.234143
2.551639
1.674761
2.156549
3.616154
1.888471
3.834742
1.376549
1.495580
2.294930
1.769983
1.088847
1.196645
1.062470
1.725532
1.106460
1.335904
4.545751
3.151735
4.141119
5.662414
1.411491
0.963760
1.156132
1.168945
1.942007
2.042383
1.466285
2.077925
2.223142
1.249417
1.897338
3.066811
1.037607
0.799526
1.802017
1.513546
1.327747
1.542205
1.158489
1.450476
1.359904
1.827435
1.136391
1.109908
1.070522
1.159813
2.834700
4.595356
1.689374
1.413237
1.238761
1.987469
1.737269
1.181199
1.475330
1.525504
3.072204
4.083805
1.311108
1.478488
1.105978
2.020255
1.350969
1.052703
1.368978
1.125706
1.571306
1.339163
1.189544
1.347086
1.963964
1.731012
1.013384
1.230858
1.434490
1.150652
1.652474
1.122841
2.388959
1.459662
1.539510
1.434891
1.270884
1.108642
1.223906
1.202970
1.437830
1.346475
1.351580
1.451868
2.458301
2.381831
3.647821
3.264518
1.464272
1.958472
1.042028
1.148334
1.430572
1.469955
2.020800
1.851193
1.501406
1.205274
2.396290
0.989507
1.250410
1.097265
1.533788
2.033592
1.282280
2.397155
1.034017
1.062488
0.978803
1.045592
1.119070
1.206800
1.250508
1.782063
1.660224
1.331705
1.399051
2.536552
1.133497
1.207063
1.388862
1.322399
1.542866
1.741542
1.216470
1.313809
1.313573
2.027961
1.063981
1.060356
1.953290
2.176261
1.267242
1.816400
2.014106
1.541536
2.759933
1.282142
1.379462
2.632714
1.110266
2.428624
1.327312
1.083499
1.648775
2.066169
2.619582
3.122827
1.762519
2.427072
2.578463
1.560220
1.011637
1.984684
1.617321
2.340164
5.575615
1.461515
1.436456
1.190089
1.315913
1.187680
2.197536
4.396121
4.053667
4.859606
1.956449
5.783755
2.286016
1.068750
2.814172
2.006378
2.316274
2.013315
1.820220
4.169561
1.947372
1.400072
1.183780
1.319498
1.218473
1.054006
1.290120
1.976629
1.829090
1.388519
1.320621
1.980318
2.263281
2.409363
1.459724
1.203729
1.524386
2.040621
3.299162
2.451067
1.681036
1.530239
1.589477
1.958422
1.568818
1.619370
2.684651
1.568620
1.191982
3.637009
1.320735
1.557062
1.070843
2.704545
3.053693
3.518047
1.966086
4.975623
2.373302
2.722001
3.263749
1.481368
1.790659
1.162484
1.093618
0.955339
1.163634
1.722078
1.083847
2.006362
1.515505
2.984849
4.338642
4.220600
3.094320
2.818370
2.044034
1.425230
1.348002
1.241270
1.291464
2.150357
1.881441
1.212249
1.043583
1.581004
1.658815
2.462229
2.481309
1.363703
1.974387
1.272400
1.084107
7.688121
8.869942
6.212600
1.995550
7.371223
3.047213
9.063823
4.180157
1.628843
2.121330
3.485323
3.906279
4.378699
1.216990
1.038841
1.144813
1.214517
0.958355
1.317409
1.329172
3.171909
2.053686
2.864567
1.351092
1.492307
2.141512
1.031664
1.669472
1.274429
1.350792
1.049772
1.516412
2.019554
1.490709
1.278339
1.196726
1.058254
1.808714
1.069147
1.770599
1.099908
1.613297
1.553164
4.274378
5.049705
7.317118
1.280286
1.239352
1.206053
1.522685
2.411656
2.473237
2.097146
1.333154
1.169989
4.246784
2.087262
2.019107
2.966715
3.004381
6.273591
11.275654
2.239192
2.375339
3.201117
2.117528
1.362540
1.690386
1.804510
2.787068
1.383721
1.153840
1.289611
1.481131
1.768455
1.686200
1.387253
2.859097
1.077229
1.074369
2.884242
1.844709
2.819870
2.769146
2.183816
1.308406
1.337326
1.279341
1.316416
1.762344
1.896199
2.701323
3.625554
1.095668
1.076218
1.646169
3.770377
1.143530
1.176146
2.261612
0.942563
1.207661
1.004161
1.547615
1.580677
0.985753
0.961508
1.191714
1.269856
1.450720
1.294933
5.785093
1.078765
1.350046
1.346986
1.045604
1.146703
1.810781
1.122760
1.184719
1.012639
1.765926
1.382086
1.248259
1.096357
1.664261
2.346001
1.730413
1.154764
1.460013
1.465513
1.322065
1.069064
1.037188
0.882353
1.003784
1.431626
0.989067
1.176902
1.594116
1.809894
1.453289
1.758461
1.284686
2.546253
2.543132
2.122065
3.437977
1.226491
1.607250
1.272957
1.473297
1.290059
3.205054
1.290521
2.398545
1.862482
1.249696
2.691320
1.045114
2.122628
1.265725
1.591657
1.135441
1.760778
2.343686
3.028347
2.276180
1.152967
1.415494
1.364792
1.350746
2.111101
1.277789
1.311826
3.356828
1.881613
1.106903
1.447428
1.787838
1.334852
1.874782
2.154606
1.981954
7.163861
2.904105
1.556291
2.622945
1.188546
1.368437
1.701191
1.566800
1.467236
1.286556
1.162401
1.287667
1.585671
1.687466
1.031999
1.843691
2.060107
1.099318
2.149739
2.206914
1.377890
1.475201
1.916431
1.237034
1.698828
2.037324
1.357913
2.249244
1.387676
1.091300
1.910863
1.304032
1.230154
1.853239
1.479871
1.201309
1.303427
1.645923
2.225788
1.177548
2.528294
1.607804
1.134380
1.024522
1.180965
1.253417
1.080616
0.959089
1.016749
1.843282
2.013355
1.118180
0.916211
1.231197
1.530153
1.524824
0.983475
1.521671
1.296914
1.289028
1.541454
1.384187
2.350887
2.802185
1.943278
1.849755
1.800125
1.479578
1.124670
1.254226
1.005429
1.843896
1.160249
1.361243
1.258347
1.370570
2.790432
1.044277
1.489778
1.806915
1.573103
2.214742
0.919562
1.176114
1.256122
1.412311
0.992121
1.156098
3.775649
2.037476
1.459108
1.267602
1.075110
1.008397
1.174603
4.638929
2.679092
2.245456
5.942752
3.701456
1.789922
2.361467
2.255263
2.632030
2.239732
2.944494
1.995124
1.387701
1.421068
1.365092
1.368833
2.372509
2.922385
1.430741
1.234061
1.182929
1.018859
1.415991
2.010221
1.603058
2.048523
1.709216
2.244378
1.237905
2.100885
2.988179
3.448953
4.833724
5.868480
4.407402
1.493881
1.271903
1.410761
1.348756
4.771671
1.506771
2.188752
2.361028
2.267531
5.661889
1.659350
6.709093
5.483798
3.883599
2.803849
4.295888
1.399839
1.195827
2.129632
1.253338
1.034015
1.316792
1.157174
1.045295
1.315491
0.893376
0.998432
2.404227
1.585947
2.851608
2.644122
1.173648
1.215084
1.178046
1.341930
1.287482
1.442437
1.989637
2.423287
1.248225
2.124083
1.237653
1.038871
1.146778
1.534061
3.700453
1.944151
1.974879
2.518760
2.622233
3.954267
4.506518
2.140627
3.434919
1.338677
0.976838
1.542967
1.075260
1.248721
0.903657
1.112323
1.411016
1.423278
2.224308
1.368897
1.276916
1.556160
1.028726
1.027105
0.991243
1.010987
1.329249
1.444413
1.242329
1.729613
1.779870
1.264283
1.180133
1.214873
1.169915
1.511223
1.083245
0.988991
1.039725
0.880881
1.184836
1.867203
1.354751
3.345547
4.014745
3.681816
2.083296
3.276544
2.160202
1.558513
1.330086
1.106070
1.100341
1.937891
0.964982
3.706531
1.989379
1.801171
1.782726
1.727652
2.236807
1.138390
1.165439
1.056868
1.142116
1.486617
1.448829
1.483917
3.104646
2.287784
1.020807
2.517412
2.326550
5.374517
1.818867
0.848819
1.050652
1.361824
1.961054
0.913246
1.734206
1.554248
1.677569
2.116709
1.829049
1.957347
1.838631
1.849397
1.111874
2.270607
1.444801
1.581378
1.759732
1.364172
1.670847
1.146079
1.296980
2.532894
1.920133
2.172766
0.890088
1.823173
2.093116
4.074072
3.382348
2.401644
1.609252
4.393687
8.934162
2.979650
1.851464
2.273210
8.502927
17.157207
1.656965
6.525654
2.317133
1.153125
1.128308
1.094717
1.091878
1.060041
1.731227
1.728331
2.100650
3.294213
1.977370
1.459088
3.283926
3.362702
1.191427
2.319889
1.279644
1.275769
1.980791
0.958480
1.089680
1.121315
1.338643
2.433340
4.481006
2.391521
2.943518
4.203668
1.153745
2.151465
4.225785
2.282026
1.473279
2.786055
3.861823
6.920472
7.178762
2.892342
1.506156
1.155063
1.293437
1.199824
1.620884
2.047214
3.825471
2.329007
1.870183
2.130346
2.875263
1.650657
1.278310
2.856985
2.243806
1.721045
1.040237
1.290805
1.018800
1.504577
0.914319
1.014543
0.924534
1.012919
1.227119
5.690665
5.612249
5.360628
1.494690
1.565942
1.585108
1.153270
1.694499
2.752547
2.644459
4.647346
1.521693
1.930863
1.881337
3.449774
0.996111
0.985267
1.199499
4.030478
3.028227
4.294737
2.512122
4.519449
2.767982
3.815524
7.947079
11.118599
13.690493
5.197641
2.686776
1.893928
2.319453
2.531452
1.328468
1.257095
2.554110
1.509859
1.180249
1.362781
0.986315
1.186778
1.338874
1.220576
1.162213
1.110356
1.201815
0.917894
0.976127
1.286487
1.822615
2.655325
1.423733
5.722255
5.973560
1.055040
2.020187
1.899538
1.064615
2.427206
2.185619
1.671307
1.306043
1.841107
1.633170
2.157902
1.317695
2.712007
1.368796
1.444984
1.217368
0.988804
1.129978
1.348388
4.176621
2.358191
1.469890
2.262985
0.900236
1.280477
0.834070
1.322635
1.238711
1.303135
2.163613
1.434867
2.449788
1.515197
1.059227
1.359181
4.211551
2.073767
1.008006
1.289825
1.309032
1.027626
1.086408
1.210759
1.015472
3.265561
3.174781
1.423375
2.541889
2.941310
1.776330
1.442814
1.577141
1.301034
1.689517
1.571314
1.149422
0.968066
1.513429
1.245314
0.959412
1.803179
1.166662
1.110639
1.724533
1.071866
2.696101
1.169846
2.189552
2.243403
1.923048
1.351963
1.279310
1.116162
1.206889
1.120474
1.514574
1.065043
0.932704
1.294870
1.434506
0.843740
2.516533
1.090605
1.250635
3.306890
2.162688
4.540694
1.569040
1.319206
2.043667
1.764596
1.850515
1.256669
0.973211
1.575417
1.886301
1.447113
1.509844
1.640512
1.482937
0.934657
1.351195
1.788046
1.110910
1.082944
1.040639
1.477091
1.473052
0.897293
0.925743
1.276451
1.409721
1.137363
1.244986
1.435596
1.807221
2.265049
1.646061
1.514835
1.369805
1.430097
2.296532
1.301009
1.382166
1.099515
2.179709
1.467701
1.599500
2.875324
1.806109
1.888416
1.467217
1.231894
1.914262
2.848453
2.969582
1.320691
1.725131
0.891866
1.324251
1.355464
1.870422
1.982672
1.227939
1.381783
1.499127
2.542817
1.504384
2.689608
2.756526
4.413181
1.366594
1.282387
2.930268
5.255288
3.925379
2.539939
2.957558
2.150808
1.528768
0.776141
2.245860
1.799742
2.020400
2.546151
2.050259
3.300473
3.476398
4.390746
2.794214
5.003437
4.137956
1.812741
1.666048
2.322708
3.873606
2.496612
3.718601
1.333377
1.718580
1.011425
1.260952
1.107182
1.728780
1.148958
1.750979
2.297913
1.535084
3.028163
1.727127
2.895068
2.053685
3.111959
2.114797
4.545936
2.011650
6.680873
3.391957
5.444847
3.966221
1.056374
1.137523
1.062111
1.239928
1.944666
1.041768
1.564407
1.274823
1.584612
1.462488
1.461585
0.983963
1.116840
2.355123
3.501126
3.129232
1.215208
1.344800
1.075169
1.301792
1.440935
1.152380
2.141271
1.183524
1.372703
2.301569
1.099009
1.257872
1.355675
2.048999
2.349070
1.654471
2.277707
2.204153
3.492141
3.651035
3.010349
4.553576
2.785080
2.185540
1.518760
1.345817
1.102435
2.659031
3.191114
5.679596
6.419150
6.060826
2.617915
7.574539
6.456216
9.508961
6.969367
6.283705
9.269575
2.943663
1.567992
1.284309
1.370191
1.388238
1.935567
1.796274
1.673977
1.311856
2.453452
1.910089
2.273793
3.030138
1.970382
2.671126
3.386760
2.911190
1.819264
4.728965
1.870879
2.095203
1.986486
3.431495
3.328968
3.308621
1.497600
1.589532
2.190161
4.609301
3.612415
2.543440
2.105759
8.221327
4.630565
7.505328
2.030634
1.148862
1.320688
1.349102
0.979296
0.976604
1.249476
2.468991
2.435039
2.474321
1.075118
1.215519
1.125468
1.966536
1.078503
1.207915
2.185201
2.392031
3.605741
6.456013
10.744152
1.882153
15.927394
6.410647
10.475265
1.275720
7.939509
6.853284
12.814345
1.071697
0.973565
1.046852
0.810237
1.538953
1.050940
1.311644
1.732235
2.081801
1.514875
1.495613
1.680405
1.691077
1.543489
1.924961
0.913015
0.877373
0.982985
1.565195
2.112416
1.140589
0.961535
1.075649
0.927431
2.408582
2.022571
2.041267
4.558070
0.954394
1.322360
2.356095
4.810327
1.728181
1.989778
1.567413
1.254831
1.244278
1.197548
2.913932
1.608867
1.338813
1.732357
1.001761
1.006411
1.220398
1.427501
1.986458
3.297755
2.175496
1.021735
2.359497
2.727163
0.878512
2.036018
3.218336
1.363667
1.083211
1.244935
1.537131
1.782899
1.366123
1.382403
1.142237
1.529553
1.142496
1.215877
1.797469
2.303086
1.644905
2.287760
3.926808
2.977173
3.285194
6.731757
4.760536
2.664628
3.130236
2.305896
4.316712
5.466105
2.007368
1.181504
1.221050
1.643965
2.542068
1.392739
1.670466
2.508942
3.782559
2.500416
5.208469
1.671847
1.127811
2.467168
3.876365
1.258404
1.125081
1.774946
0.959722
1.424217
1.492244
2.959856
1.163761
1.426590
1.315534
1.453880
0.996107
2.495318
3.630434
2.173825
1.830767
1.945357
2.096536
1.425880
1.831495
1.361878
2.702330
1.817799
3.705492
2.906535
0.807192
0.985473
1.057656
2.876053
3.117391
2.411423
2.088964
2.633418
4.317438
1.972483
3.016412
1.594033
1.577265
1.658340
1.149209
1.061142
1.086699
1.253830
1.021428
1.401396
1.430638
1.649892
1.237250
1.120633
1.131358
2.564999
1.113785
1.550512
2.363023
3.145214
4.556051
4.396195
4.296220
2.983065
2.360631
1.301098
2.961952
4.123162
2.359726
3.573360
0.915020
2.733503
1.104491
2.217046
2.897207
2.483678
3.880761
2.237056
1.887760
1.450961
1.653638
1.249597
1.373010
1.263278
1.432061
1.669861
1.384793
2.195586
1.255378
1.243516
1.189893
2.079604
1.015531
1.063585
1.091867
2.067632
2.330209
1.996870
2.375931
1.739690
3.165058
3.340939
3.287962
5.676807
4.362181
5.806984
3.149800
3.516225
6.154064
8.051316
1.264597
1.157523
1.015836
1.239857
1.797225
2.095968
2.513870
1.606901
2.384679
1.790562
2.310393
1.654647
1.201183
1.259546
1.149686
1.075805
0.833867
1.117974
1.225325
0.996769
1.064083
2.569540
2.535497
1.517364
2.611059
4.595621
2.659076
2.907024
6.075358
3.880881
3.525340
4.644519
8.003799
4.703648
6.715052
6.392976
14.881603
7.459951
6.311866
0.767627
0.645327
1.397074
1.403281
2.152034
1.179012
0.908527
0.905436
1.237998
1.237884
1.184549
0.934995
1.012813
0.943694
1.209570
1.127263
1.356152
1.054371
1.149010
0.895174
1.054989
1.148159
1.388141
1.372446
1.577813
1.053466
0.900322
1.465919
1.324841
3.405976
4.757665
2.107326
4.705559
5.253774
5.444297
5.750240
5.272154
2.577171
3.734696
1.458528
2.621252
1.573435
1.271190
1.950332
1.369189
3.529987
1.453505
2.522633
1.148104
1.214809
1.108379
1.172478
0.849465
0.871677
1.138119
1.544604
1.210964
1.066589
1.155608
1.280677
1.205381
1.408859
0.961076
1.518713
1.279972
1.737884
2.196924
2.302177
0.936681
1.753446
3.028620
3.078946
1.707763
6.813367
6.742917
4.736018
6.500223
6.817951
1.383309
3.659265
0.873550
1.415772
1.444254
2.303429
2.850084
10.414013
4.507644
1.888881
6.559209
1.915103
3.822120
2.419770
3.103056
2.748896
1.734036
1.593733
0.849832
0.949748
1.147103
1.050967
1.556887
1.357901
1.077769
1.194181
1.033626
1.997726
3.499573
1.713165
2.851278
3.643293
7.902821
7.313411
6.551425
8.735373
5.902438
9.458759
10.738716
1.934935
11.425001
10.498488
3.587687
10.937374
1.167178
4.643204
8.484234
7.123008
17.855463
5.327195
11.270897
1.755008
0.991023
1.103984
2.263395
1.141167
1.450501
1.465174
0.861197
1.000118
0.796424
1.059435
1.118317
1.378179
1.157369
1.490155
0.948040
1.032794
0.981507
1.965624
0.688696
1.230959
1.561088
2.237021
1.824419
1.094284
1.747582
1.606748
1.595065
1.165132
0.885204
1.405355
0.998463
0.970477
0.981707
1.007435
1.461736
1.368588
1.255115
1.164704
3.882551
3.529785
3.178764
2.721405
2.008053
1.212963
1.335096
1.682402
1.884526
1.391593
0.970379
1.188151
1.517682
1.094788
1.421242
1.329232
1.448739
1.666852
2.034664
3.681837
5.136143
5.993950
3.821098
2.900895
4.215906
6.391924
1.312947
2.413363
1.096862
1.521754
2.782866
2.441848
1.481566
1.522820
0.983914
1.290560
1.354936
0.996912
1.124425
1.024654
2.296507
1.295248
1.269527
1.010298
1.440147
1.550187
1.844940
1.867507
0.979022
1.218761
1.053125
1.187477
1.201128
1.113123
0.815258
1.472287
1.234691
1.118558
1.327612
1.159865
1.464435
1.389257
1.448379
2.271896
1.595640
2.215511
1.286188
1.054945
2.247966
1.390066
1.438699
0.942233
1.065431
1.185855
1.377149
1.399337
1.084582
3.136061
2.505606
4.325454
3.019276
1.561377
2.445847
2.055509
1.745914
2.306057
1.014878
1.058911
2.622754
1.776975
1.420370
1.254133
1.411925
1.305150
2.016327
1.074708
1.600612
1.120791
1.184748
1.840625
4.400995
1.731012
2.846891
2.760260
3.058642
1.108491
1.213632
0.922630
1.002032
0.993557
0.855717
0.978458
1.065037
0.966892
1.098326
0.875164
1.026524
0.984691
1.450729
0.834667
1.227516
1.054893
1.059611
2.201273
1.757910
1.619124
1.061284
1.002286
1.217324
1.410157
1.210770
0.955378
0.873936
2.018976
0.921868
1.053503
0.987900
1.239301
1.456528
1.026188
1.201747
1.186208
2.008144
2.620536
1.194057
0.946195
2.099966
1.550930
1.072344
1.270542
1.415534
0.866166
1.168962
1.265320
2.335315
3.050938
3.233482
3.145900
4.383762
2.472958
1.687949
1.566464
1.463223
1.212791
1.994181
2.746936
1.025769
0.898515
1.642997
2.306786
1.264331
2.666539
4.507722
1.031354
1.302802
2.482054
1.061636
0.999112
1.368003
1.307933
2.148005
1.842784
1.528673
1.954724
0.903474
1.413850
1.609503
1.226765
1.195769
1.143477
1.797899
1.255322
1.094749
1.050410
0.921786
1.257363
1.414686
1.399195
1.664446
2.254866
1.351575
1.507515
1.600304
2.059915
1.557010
1.480404
4.999595
1.227632
0.993417
1.634408
1.631322
1.570186
1.939460
0.947041
1.132185
1.602827
1.051418
1.091772
1.152092
1.147735
0.865914
0.831231
0.880614
0.970181
1.249891
1.704112
1.180920
1.374222
1.904159
1.026039
1.097888
0.949792
1.044965
1.265892
3.603039
1.219500
1.754259
2.904350
2.437794
4.180351
2.360410
2.367977
2.947592
3.332950
7.678506
4.910313
0.944911
1.978022
1.554026
2.475790
1.822558
1.383329
1.171234
1.565820
1.407466
0.982528
1.049842
1.228721
1.233724
2.066063
2.514342
3.080977
2.382325
1.784610
3.179105
1.194520
0.941978
1.271227
1.330699
1.043161
1.049089
0.918170
0.991718
0.944890
1.548750
1.818798
2.421576
3.312003
2.701423
4.417199
3.256927
3.941523
2.019759
2.558710
1.066824
1.131880
1.435958
1.535782
1.017085
2.170362
1.850380
1.858383
1.091674
1.479034
2.452369
1.935966
2.372664
0.857760
1.158852
1.179442
2.090341
1.349905
1.394881
2.847255
3.977112
1.210186
1.206726
1.705404
1.000232
1.215362
1.268476
1.190811
2.197758
1.322032
1.502654
3.989661
3.664664
5.331423
3.160940
1.347954
2.003800
1.067134
0.937782
1.027901
0.984507
0.977177
1.150391
1.036796
1.062957
0.968699
1.665975
1.829542
1.135836
1.005744
1.490752
1.343881
1.980723
1.541909
1.271607
1.139617
1.805276
1.347529
3.163843
1.505804
1.323806
0.897581
1.062955
1.003540
1.539059
0.889756
0.910097
1.013318
1.172170
1.968345
1.846596
1.948493
1.966385
3.814590
1.614025
1.281844
1.252355
1.417612
0.982086
1.412808
1.808174
1.109250
1.026417
2.620395
2.222748
1.380096
1.707142
1.161007
1.436535
1.346420
1.049617
1.705169
1.416762
1.389287
2.182300
0.960288
1.640610
1.247551
1.087164
0.964275
1.250176
1.756321
1.325224
1.400914
1.141787
1.521475
3.494892
1.071397
0.908652
1.483674
1.931192
1.363298
1.012931
0.939648
1.361026
1.347802
1.025270
0.966772
0.901993
1.108713
1.896443
1.112928
2.707639
1.368091
0.897033
2.160706
1.436125
1.364440
1.793535
2.272093
1.159715
1.046241
1.501449
2.249938
3.316497
1.412211
1.595329
1.189050
1.460819
2.398834
1.239333
1.512301
2.498823
3.460591
4.247163
3.988895
1.908055
0.894688
1.015870
0.956918
1.066080
1.490551
1.978852
1.241213
1.265796
1.383719
1.164294
1.667882
1.523160
1.292146
0.943199
1.557481
0.909594
1.083285
2.657180
0.977596
0.840091
1.169205
0.846168
1.026158
1.170648
1.128816
0.922705
1.649939
1.063124
1.117896
1.830026
1.658597
1.032083
1.053131
1.302658
2.696898
2.011535
2.384428
1.914968
4.227446
4.325945
1.364373
1.284145
1.285874
2.426656
1.559312
1.371765
1.475394
1.011994
1.307811
1.470772
1.071416
1.352182
1.020092
0.924694
1.145784
0.906610
1.115883
1.074964
0.885495
0.997452
1.018222
1.239249
0.900436
1.232004
1.928720
2.016143
1.352176
0.870670
1.098991
1.776975
1.132617
1.366613
3.228734
1.308575
4.118655
3.197624
3.259327
2.476650
1.294686
1.809311
1.493981
0.989355
1.792013
1.378182
3.434969
1.090991
2.268452
1.820934
1.880344
3.262844
1.836173
1.031355
1.155832
1.162935
1.139971
1.043163
1.096526
1.049178
0.975316
1.049497
0.977035
1.232939
1.426241
1.151502
1.433981
1.361662
1.043857
1.088794
1.093727
0.874783
1.152390
1.211874
1.227452
0.909312
1.265078
2.327906
1.150753
1.454350
2.224684
1.711081
1.186108
2.442935
1.557780
3.230799
3.426086
2.785100
5.619845
2.120163
3.585429
1.347245
1.090344
1.534858
1.961358
1.045306
1.669459
1.344194
1.185256
1.087810
1.215689
1.109698
1.510421
1.764585
1.468678
1.102889
1.110657
1.181966
1.145336
1.479480
0.974579
1.149722
1.633095
1.441505
1.081361
1.773236
1.111057
1.530703
1.172676
1.555110
1.130212
2.534321
1.444656
1.275261
1.112226
1.422161
1.887224
1.770604
2.257729
1.435178
2.947847
1.953748
1.863684
1.574154
1.837730
1.321158
1.059478
1.240675
1.043085
1.312232
1.224623
0.848698
2.016712
1.974189
1.500680
1.428359
2.861573
1.423047
3.716565
1.575949
1.221951
1.820540
1.148435
1.143033
1.083578
1.068304
1.000634
1.149625
1.433705
2.030472
1.053383
2.072894
3.616232
1.626466
1.649884
2.476934
2.879710
3.005698
1.911053
1.959760
1.453922
2.004113
1.821765
1.210397
1.426808
1.897421
1.100396
1.187024
1.064092
1.081087
1.064823
0.991084
1.695052
1.293850
1.790842
0.931871
0.970898
1.208841
1.566434
1.158795
1.072957
1.092929
1.072974
1.661657
1.021466
0.929759
1.043539
1.891176
1.539775
1.418768
1.083581
1.356711
1.069848
1.264852
1.714109
1.352618
3.260436
1.672222
2.244240
1.228572
1.072428
1.139172
1.074797
1.810451
1.426620
2.911687
1.098853
1.033168
1.472231
1.278028
1.332005
1.049894
1.257924
1.234012
1.842944
1.364444
1.655121
4.298073
3.199683
1.756301
0.997546
1.383249
1.316816
1.657961
1.612847
0.773590
1.027921
1.733918
2.023657
1.373983
3.739313
1.716964
1.123536
1.431873
1.445301
2.589366
4.022859
1.192416
1.414016
2.125264
4.084545
3.127344
8.848450
1.142912
1.583674
1.541711
1.085567
1.531963
2.799908
2.848465
2.554492
1.300761
3.294218
1.262721
1.833632
1.421921
2.717744
1.746760
3.629258
1.558714
1.250733
1.416008
1.034857
1.936192
1.404919
1.695150
1.275387
1.347478
1.898786
1.058844
2.039920
1.447334
1.420762
1.023668
1.574745
2.631599
2.315571
3.537371
2.325313
1.523226
1.792954
1.311947
1.726789
1.482345
1.118440
1.345785
1.396105
1.153447
2.299222
2.999919
1.972555
2.552260
4.674156
3.139283
2.620973
0.992598
1.391729
1.152219
1.382140
2.119426
2.187477
1.363774
1.092170
1.721942
1.318368
2.056082
2.687349
1.601025
2.271237
1.408106
1.333712
1.252022
1.156704
1.112160
1.286949
0.746094
1.076279
1.436248
1.718660
1.579717
1.603833
1.280618
1.790215
0.994662
1.289181
1.453650
1.701809
1.504095
1.825964
1.845510
2.218134
1.967526
2.200075
2.053735
1.822171
1.328668
1.157826
1.014094
1.170870
1.301499
1.218277
1.258310
1.173325
1.997845
0.902239
0.976642
2.258492
1.931110
1.455859
1.458859
1.041902
1.013918
1.040592
1.113066
0.933499
1.484782
2.821707
1.275718
1.163349
1.704327
1.411480
3.051506
1.482681
1.160159
1.692732
1.454978
1.076959
1.957736
2.300406
2.367050
1.698515
1.879144
1.731352
1.791474
1.427433
1.206149
1.060443
1.297768
1.101883
0.930421
1.374961
1.066416
1.087302
2.374096
1.164887
1.511245
1.115046
1.584033
1.028977
1.113096
0.962714
1.370927
1.614364
1.045156
2.328214
2.340123
2.439470
1.903758
1.687735
1.388763
1.764920
2.590346
1.866888
1.979546
1.108454
1.306964
0.955161
1.424472
1.465831
3.677096
4.566591
1.503420
2.635186
2.915227
3.246391
1.138232
0.953546
1.255453
0.964251
1.025331
0.860284
1.534660
0.904731
1.637596
1.567558
1.898749
1.136211
1.158360
1.063842
1.516986
1.906899
0.992237
2.070064
3.952886
5.115048
5.284800
3.493005
4.474655
4.334795
1.568232
2.489495
1.852882
2.062728
3.434579
1.725068
1.546049
1.240125
2.329903
1.369549
1.544577
1.458280
1.989748
2.799667
1.217754
2.869546
1.262651
1.959122
1.435889
1.662383
1.441386
1.137321
1.102257
1.059796
1.000759
0.957848
1.136852
0.957681
0.946696
1.224333
1.188617
1.212447
1.571906
2.414411
2.773400
3.348005
2.057266
3.739214
2.687923
1.715970
1.694605
4.257672
2.787081
1.563465
1.363587
1.120027
1.917747
1.534936
3.102436
2.156346
3.562250
2.046334
3.877614
4.074747
4.751437
3.495036
1.605994
1.510776
2.415051
1.428303
1.933901
1.720980
2.399010
1.545748
2.130789
4.483791
1.869692
2.148355
1.921240
1.702541
1.302266
1.378498
4.050486
1.798947
4.675662
1.853604
3.974938
2.194089
10.453445
4.375661
6.283108
4.855189
2.917447
11.195625
2.790424
2.540920
4.747746
2.052623
3.369987
8.337968
2.950725
6.195540
5.716366
3.197251
3.226547
0.888027
1.156545
1.028895
1.236652
2.391000
1.981179
1.618127
1.060772
1.182014
1.497199
0.988311
1.287386
1.770888
2.136980
1.680064
0.884303
1.659231
1.773800
2.037090
4.501745
4.502686
1.908873
5.069737
4.283742
4.748666
2.071322
3.920463
2.783442
2.181658
2.655693
3.534762
2.341540
2.266930
1.548510
4.222712
3.169714
2.599324
1.207318
1.061752
1.120662
0.948487
1.456651
1.378493
1.115659
1.565982
1.175612
1.285935
1.270034
1.351977
2.259034
0.734208
1.048388
0.965026
0.947102
2.329844
1.118631
3.129061
5.704470
5.146425
3.692017
4.279473
3.392693
5.893736
5.962815
7.780007
5.091556
3.746636
8.268335
9.781645
4.100595
7.534307
5.031117
13.204340
11.750785
4.195667
3.367946
7.076399
2.780087
2.281482
1.772229
1.930562
2.311232
3.978997
2.907008
2.331805
1.692462
2.121244
2.112009
1.523684
2.350904
1.456461
0.990940
1.335085
1.504113
0.995905
1.286266
1.739731
1.305679
1.011861
1.154556
1.461365
0.948847
1.278384
1.788357
1.642856
1.172411
1.626816
2.653913
1.157124
0.841749
0.950135
1.335590
1.250128
1.583274
0.842822
2.299538
5.820609
2.208205
1.403174
1.095396
1.599029
2.696514
2.234150
2.114299
1.340202
0.978537
0.907894
1.019323
1.177449
1.106514
1.149288
2.262143
1.795787
1.480694
2.561189
1.789051
5.128464
2.123206
4.706044
8.006123
2.275827
4.289604
13.223017
1.737109
2.010848
2.931307
2.610156
10.914069
4.421712
4.279782
1.597535
1.673776
1.360610
5.801030
5.750704
6.327874
1.990941
1.946186
1.600430
5.598410
2.331611
6.135439
6.634161
3.274776
1.797527
1.417847
2.490401
4.219727
3.508128
3.137311
4.182838
2.990808
1.043327
1.594360
2.462948
2.259784
2.424594
3.431090
2.295452
1.291128
3.741263
4.045635
2.262922
1.420842
1.812352
1.878577
4.013926
4.254038
1.073411
1.684776
2.499089
3.326955
5.853762
5.903427
3.494548
7.748914
4.578811
6.536253
0.932987
1.001139
0.878552
0.941678
3.864986
1.795761
2.594589
1.754432
1.009444
1.350813
1.118373
1.071235
1.087289
1.066967
1.086841
1.470502
1.738525
1.280006
1.356680
1.699816
1.427395
1.414895
1.999331
1.451873
1.378152
1.562321
2.344963
1.174838
1.289724
2.313335
3.176720
2.093373
3.949402
1.863448
2.312943
1.272988
1.132081
1.203608
1.600877
1.450498
1.024121
1.120450
3.108345
1.445879
1.742053
2.581230
4.024199
1.260732
2.379990
2.043540
1.200700
1.377846
3.822558
2.286862
3.592880
2.002469
3.904063
7.775992
3.697443
3.048981
2.203994
2.553770
4.760143
10.284709
1.690041
1.295365
2.872734
1.812229
1.612357
2.389673
2.655892
3.516174
3.022812
1.179745
1.145413
1.044686
1.179513
1.746454
1.752691
2.074264
0.974647
0.995114
1.278813
1.513022
1.517796
2.578782
1.330113
1.852725
2.432052
1.569171
1.379084
1.762286
2.322685
2.977877
1.594104
2.555370
1.594904
2.694351
1.373263
2.265383
3.170161
2.064500
1.384519
1.358715
1.457733
1.920596
1.583854
0.940337
1.230258
1.189821
1.284649
1.900913
1.002465
2.393559
2.589864
3.222223
2.371685
1.370759
0.980487
1.564973
1.423578
1.922047
1.298866
1.309087
1.051192
1.207592
1.073616
2.104581
6.226915
9.872232
7.615715
2.377319
4.531443
3.852070
3.442331
2.832280
3.619366
7.051319
1.635338
3.868026
4.517290
6.378300
1.605642
1.700828
2.285897
3.377146
1.516502
1.491638
1.420066
1.825785
1.211473
2.035423
1.426510
2.931947
1.135474
0.901687
1.064391
2.265441
1.722788
1.505637
1.109621
0.963759
1.220930
1.828797
1.809030
1.934884
1.228869
0.830607
0.965034
1.086424
4.080708
4.906832
2.299699
3.110603
4.509982
7.348440
6.055639
2.193312
2.338688
2.547976
1.192162
1.329276
1.386419
1.313767
1.902227
2.803016
1.104067
1.116107
1.213919
1.589814
1.212885
1.596502
1.255771
1.526812
1.662584
3.077844
1.538892
1.437591
1.321498
1.493439
2.111014
1.703305
1.479782
2.533584
1.904934
1.132980
1.365920
4.656742
2.036482
1.031931
1.050253
1.432763
1.572454
1.238408
1.524122
1.157154
1.413319
1.987546
2.597721
1.750111
1.239004
2.371502
4.885349
1.854167
3.390895
3.300106
2.064135
1.049088
1.592733
1.067139
1.237253
0.978936
1.148398
0.963528
1.085550
1.113823
2.003039
1.979928
1.410908
1.618702
1.584976
1.330179
2.342564
1.338820
2.482779
1.136884
1.108644
1.279512
1.270611
1.177643
2.721669
1.733305
6.356403
1.184332
1.121657
1.092398
1.199026
0.967012
1.086228
1.051686
0.939588
1.098386
1.431180
1.427329
1.721016
1.037877
1.354453
1.045302
1.057857
1.029262
5.189944
4.464044
1.267179
1.519356
1.740101
0.919488
1.020041
2.815258
3.408601
1.292736
1.936394
2.061574
4.558643
4.209399
6.903535
7.701494
5.461813
2.097863
1.634882
2.749341
2.610646
4.868442
2.527978
2.824001
1.812447
2.548827
1.488192
1.450852
1.727175
1.248722
1.447932
1.006300
0.922527
1.675692
2.945122
1.243912
1.134741
0.836788
1.329017
2.997235
2.550086
5.895151
4.666632
6.081603
4.214907
1.490411
1.126920
2.600726
6.924441
3.961335
2.204721
2.550635
1.058121
1.586907
1.083472
0.902565
0.900648
1.665796
1.154723
0.900829
1.377858
1.270687
1.462445
1.464973
1.542694
1.755699
1.391531
3.729706
1.376168
1.305650
1.346127
1.168352
1.268650
1.020914
1.111897
1.242412
1.528254
1.371925
1.273855
1.269600
1.041832
1.641780
2.160303
2.939079
2.221689
1.705898
1.640114
1.584667
5.714778
1.811713
6.250460
1.620942
2.706486
5.471282
0.962380
1.006483
1.038714
1.691170
0.751344
1.098075
1.694017
2.761223
3.312998
1.561199
3.835500
1.170111
2.243672
3.094023
1.302006
1.574953
2.641171
1.451190
0.874105
0.993169
1.291910
1.325863
0.909507
1.005605
1.219956
0.915374
1.330822
2.271818
2.217200
2.815703
1.296560
0.992510
0.974177
1.124591
1.072094
1.011161
0.900826
1.860862
1.023251
1.819111
0.997973
1.200263
0.948638
1.084963
5.786115
1.917284
2.144910
1.234897
1.379829
1.544606
2.431553
1.430743
1.683237
1.440779
2.685344
1.401183
1.104159
1.448083
1.047592
1.410883
1.639797
1.816248
1.033897
1.581276
1.445720
1.313032
0.983097
2.870246
1.302120
1.579638
4.036234
1.772552
1.222139
1.401082
1.415241
1.067374
1.478128
1.017117
1.183070
1.215474
1.104353
1.071380
1.158812
1.707280
2.201474
1.119710
3.352616
2.563630
2.338876
2.705230
2.513537
1.113291
1.615434
1.541161
0.923711
0.946376
1.006366
3.445388
2.317263
0.934830
1.232067
1.034528
0.876905
1.196807
0.779649
1.003103
1.059436
1.107835
1.387957
2.397396
1.552552
1.855274
1.720821
1.344536
1.058364
0.958645
0.944589
1.035136
0.798705
0.969239
0.982765
0.962598
1.042040
2.295612
0.950655
1.598427
1.284867
2.823275
2.313970
2.912130
2.332848
1.601855
0.913154
0.966660
1.088787
1.521423
1.271842
2.665289
4.139788
4.530941
2.571271
0.982893
1.839946
1.362459
0.919553
1.499371
1.245929
0.986220
1.112118
1.239665
1.528326
1.741561
1.007661
0.990311
1.238630
0.882532
1.354551
0.966222
0.933671
1.130159
0.901435
1.054819
1.166940
0.910703
1.717188
3.256517
3.145779
4.939133
3.549147
2.464660
1.146705
1.273829
0.978396
0.981241
3.082734
1.333091
1.501440
1.437444
1.324372
1.819335
3.564048
0.850572
1.527783
0.811173
2.363646
0.848650
0.876669
0.790735
1.171959
0.898059
1.399278
1.853255
0.879748
1.765792
0.956044
1.203120
1.090861
0.831505
0.857631
0.791012
2.334399
0.948212
0.825364
0.868350
1.899480
1.883235
1.981180
1.433998
0.943950
1.613173
2.316277
4.748671
2.415836
1.049910
2.192239
3.144397
4.666469
2.257499
1.919644
1.287304
1.534784
1.856985
1.136166
1.655245
2.454442
1.258279
0.803889
1.100339
1.177126
0.655622
0.884784
1.253931
1.218809
1.448567
1.361783
0.734472
0.911250
0.849330
1.034912
0.914486
0.919146
0.858692
0.986449
1.592960
0.846373
1.098148
0.948963
0.974162
1.750911
1.751174
1.585741
1.491840
2.209705
1.285079
1.137037
1.310806
1.886629
1.881616
1.747731
1.499839
1.220618
1.387774
1.472306
1.699756
2.936500
1.436682
1.047140
0.921596
1.002860
1.567616
1.280471
1.566903
1.089102
1.238513
1.274188
1.018482
1.303120
1.026628
0.852678
1.523621
1.225428
2.639863
0.896453
1.207492
1.687554
4.373031
1.122537
1.198952
2.059752
2.616153
5.196007
1.317608
1.233503
1.078493
1.492416
2.740886
1.814396
2.838241
2.388981
1.884139
1.166439
1.144599
1.315246
1.143655
2.145336
1.362690
2.080590
1.877229
2.316645
1.275753
2.361091
3.344720
2.599515
2.440789
7.455450
5.295407
5.558557
14.200308
7.850825
1.492766
1.260784
1.684905
1.095170
1.475360
3.640815
1.646075
5.817251
8.289553
2.586106
2.981910
3.925909
2.456331
2.575747
1.531505
1.472838
1.988195
2.596800
1.348121
0.985441
1.654932
1.153719
0.910270
1.415170
0.994191
2.791422
1.339254
1.088018
1.397146
1.206965
1.362417
3.269879
1.049587
1.117619
1.370698
1.321201
1.206960
1.631886
2.420464
0.944960
0.804810
0.791385
2.124741
2.172285
0.853073
1.519329
1.344595
1.023487
1.425339
3.565149
2.782584
3.032904
1.283347
5.430084
2.045306
1.531933
4.800366
2.582912
1.944655
1.808085
1.670551
2.015976
1.019270
0.832677
0.895059
1.300065
0.831019
1.388081
1.848411
1.964920
2.125715
1.396152
1.300863
0.874424
1.134137
1.235994
1.064256
0.977664
1.035610
1.726303
8.765796
6.812055
1.690803
1.522878
3.195625
2.084990
2.277890
2.505383
2.213837
4.056342
3.630350
3.201960
4.717073
6.618061
4.977230
4.963470
3.191129
4.267772
2.106557
1.504942
1.286882
9.160793
0.911986
1.076073
1.105256
1.851085
2.399175
1.956036
1.148726
0.888646
1.272934
0.952364
0.894074
1.069189
1.577102
1.289591
1.196696
1.054431
2.150147
1.761814
1.093035
2.073850
3.069524
1.038062
1.245544
2.116546
2.641809
1.557648
2.917571
2.328582
3.860248
3.243798
5.647360
4.750503
4.073766
7.715749
1.210723
1.163795
1.093113
0.993434
0.961222
1.633743
1.895375
0.912717
0.945525
1.148044
1.565110
1.869571
1.320236
1.203816
1.520352
0.956905
1.063880
0.956811
1.203954
1.375962
1.569636
1.515787
1.086820
1.739856
3.799107
1.169758
2.389785
2.465907
1.784357
1.848214
2.027286
1.733532
1.611001
2.285464
4.692166
3.403769
2.387978
2.357025
3.378758
3.585283
1.877516
1.652531
1.118862
2.010448
2.050114
2.067196
2.545703
1.371674
1.050893
0.934795
2.405761
3.055829
2.341663
1.437605
2.093349
1.709475
1.690378
2.967894
2.319987
2.480162
1.293238
1.215690
0.934668
1.269206
1.029355
1.187500
1.210621
1.760999
3.188808
1.780142
3.320064
3.450389
9.776985
2.886268
9.665956
2.035368
5.848896
1.592688
1.511704
2.075186
4.134695
1.326113
2.003689
1.668907
1.595645
1.720514
1.935033
1.576399
1.158920
1.172557
1.445343
1.552062
1.657227
0.956577
0.959458
1.195499
1.478457
1.112205
1.334815
1.182860
1.165329
0.935852
1.191281
1.010848
1.051645
1.656096
2.095662
0.936979
1.115271
1.170463
1.813553
1.408106
3.317186
2.427713
1.094439
2.426643
1.695177
2.489928
2.198693
3.881083
1.519653
2.665791
2.094333
1.394000
1.169486
1.631628
1.864954
3.037179
2.120443
1.481788
2.004337
2.376208
1.181201
1.106641
1.180832
1.596279
1.785790
1.253714
1.585993
2.871839
1.558073
1.030380
1.370175
1.298838
0.987613
1.451629
3.314236
0.929114
1.991600
2.910378
3.015660
3.019892
1.138314
1.694009
1.607213
3.279700
2.042239
1.418778
2.850054
1.652509
1.969274
1.437913
1.114564
1.520925
1.420276
1.268093
1.626434
7.349725
1.147863
3.564748
2.306144
1.775353
1.245244
1.060462
1.306065
1.090069
1.925246
2.238505
2.634981
2.032795
4.166035
1.652114
0.852568
0.872065
3.228510
1.290886
1.415173
0.908720
1.452553
1.752799
2.382305
2.241072
1.591043
2.795577
2.341161
1.817718
1.952122
2.739206
2.485386
3.160870
1.528198
2.502938
1.806209
4.545808
5.605837
1.415286
1.190191
0.892611
0.985616
1.067454
1.405655
0.788406
0.920175
1.458440
0.871670
1.508791
1.737908
4.117722
1.755349
3.288743
1.398232
1.377108
1.197140
1.260687
0.934559
1.192551
1.784826
2.665243
1.595395
2.668770
3.791284
4.498444
5.123327
4.701075
4.816992
6.444459
3.186857
3.483568
3.500520
1.612237
3.218995
2.880008
1.693897
1.968431
1.206845
1.969877
1.276111
1.671337
1.461958
1.645341
1.662595
1.076718
1.203908
1.856976
1.607160
1.430357
1.550611
2.638074
1.633075
1.036490
1.088607
1.074648
0.925793
1.066881
1.207350
1.221400
3.767041
1.666694
1.312175
1.612558
1.644141
2.168622
1.887791
1.356813
2.043222
2.004102
1.420886
1.256996
0.830260
0.999567
1.334863
1.620741
1.138466
1.306785
1.180389
1.074081
0.944632
0.829650
0.820982
0.885526
1.119180
1.076041
1.468171
2.049374
2.523423
3.754940
1.172490
1.524863
1.260413
1.499129
1.136014
0.971726
1.428431
0.852622
1.098595
0.900572
1.002046
1.168250
1.376679
1.290094
1.304088
1.040482
1.144043
1.318939
1.384636
1.598458
1.517808
1.150821
1.317171
1.535332
1.305396
1.538245
2.024022
1.563568
1.513604
1.050304
1.784201
1.012290
1.699455
1.238392
2.245371
1.356177
1.835081
2.103647
2.887960
1.247533
0.800188
0.877431
1.104872
0.957346
1.438323
0.912040
1.201964
0.840940
0.809689
0.885958
0.907386
0.922573
1.274504
5.227398
1.689014
1.557914
1.225337
1.639053
1.437733
1.355073
1.277250
2.162549
1.561731
1.744500
1.122578
2.044366
1.569311
1.140657
1.120790
0.985096
1.465244
1.003799
1.235794
1.555719
1.156459
1.719027
1.941376
2.974350
1.260674
1.743950
2.093673
1.494110
1.946747
1.034561
1.250226
0.888503
1.281046
0.972273
0.933826
1.019654
0.898430
1.114377