104.292757
325.448053
242.179640
262.480512
419.841075
372.878385
315.931389
382.774588
256.546701
270.374124
557.686166
626.434763
455.138004
681.932486
615.459699
797.057820
674.191438
861.997376
735.562422
879.441206
587.654754
790.279982
590.317483
655.198469
539.282906
644.842283
594.777580
480.119140
518.876563
507.666370
491.701986
516.448928
602.026991
502.082648
573.059811
575.062295
580.853015
587.153255
598.284043
664.959988
676.352149
596.140153
681.982901
620.322280
588.043515
548.540289
352.361930
498.253232
295.732120
543.563756
215.388170
501.353164
902.641608
501.684113
294.776380
499.976293
210.197854
411.882252
284.202272
398.021896
303.867317
358.323962
223.461767
362.782555
393.892028
491.990678
308.961147
517.066933
497.385725
376.782204
438.767454
595.471941
310.532259
387.879338
314.789645
293.311160
698.656116
205.089084
691.390580
242.572185
495.549732
115.369301
416.318088
402.797936
389.495845
304.419321
197.036046
305.763506
145.519230
111.466743
113.039994
361.787890
109.537236
409.310334
100.684100
99.006518
105.472283
482.824245
116.325221
185.243851
493.173178
184.927565
473.880296
366.762092
23.002415
294.919318
311.401528
296.581566
298.832468
215.173190
83.305523
245.514844
286.212879
199.509962
19.011314
188.903897
196.480116
203.040699
200.194396
286.835570
198.804200
211.399446
234.863223
202.155380
17.678987
197.124151
185.975750
10.020243
75.238590
11.821451
197.665086
197.424249
175.671699
199.382518
194.105689
273.812329
299.880533
287.951158
14.316226
287.180947
290.040253
20.592749
110.134093
394.188043
88.894339
419.198994
99.407491
577.444782
184.587720
97.401232
415.923455
142.631290
496.496436
100.259869
459.621131
90.003895
359.359279
63.817117
263.785987
210.758187
10.761200
84.137621
202.645875
186.369963
106.367554
103.178406
91.787956
20.961837
173.916841
109.486295
39.211571
98.433058
31.291327
98.969765
74.091486
91.147562
53.589992
13.052646
13.492966
10.825516
10.895124
10.223124
13.011544
24.814912
40.553177
11.717846
9.697800
9.066304
19.850501
21.351979
9.929666
27.356748
9.537076
15.618653
40.505230
16.838984
48.228343
15.623326
14.749444
9.415669
11.554897
9.226017
9.983744
17.283945
46.957721
20.642573
44.450178
12.576011
16.529131
24.374310
10.063150
13.405785
10.810252
13.117399
12.915181
27.763045
11.706916
23.156644
9.637437
9.878788
11.042171
9.182797
13.255431
24.274363
10.857598
10.243390
13.164855
13.242281
17.844310
25.010819
22.694914
9.327205
14.379146
12.087405
11.915240
9.330442
19.675636
30.099218
13.504317
9.215608
9.361626
10.804773
12.627748
22.461618
39.976089
13.067134
12.288214
14.196772
14.911127
23.243387
31.212373
8.952678
14.102272
10.160602
21.020619
10.032106
16.742965
25.993710
12.206633
8.820724
9.152936
9.100555
10.377486
15.635464
19.467091
11.973063
11.742606
14.897128
9.673720
12.193250
26.437649
10.722163
24.694918
9.560552
17.009761
10.171419
13.617230
14.304545
28.807430
10.140142
11.130460
9.572113
10.732312
19.147664
26.008364
19.037145
12.673615
12.409548
11.777228
24.656631
41.663781
10.306747
12.389854
10.814868
19.880252
9.591411
9.834228
11.465260
10.101483
8.931054
9.160548
9.281881
9.485600
10.521375
11.121263
10.227776
13.424552
11.261552
10.147042
9.910993
25.038751
22.751506
10.400659
21.807957
35.050552
36.050160
39.967418
22.354448
52.953626
9.370307
9.586864
9.183005
11.432354
10.891150
13.361162
17.226968
17.018403
15.932866
14.918220
9.473360
12.442559
26.049951
32.033052
32.765684
25.000109
46.978856
120.328991
64.235494
77.007795
98.184474
49.643493
27.551183
23.752919
11.391025
17.076322
19.866688
37.625905
45.373429
54.062970
9.711971
14.920623
74.386351
43.935981
9.563309
10.447642
16.695727
15.702307
11.931955
11.037167
20.260627
9.615401
11.630794
13.382070
13.901258
18.989129
71.587136
49.351202
14.519316
37.734162
10.861817
10.669546
15.603795
8.886175
19.064241
11.244312
20.084902
19.097981
14.784072
17.362672
12.993722
8.911530
9.806371
11.590708
10.745067
20.582114
60.239484
26.238250
10.058079
27.319136
9.801294
9.002572
17.047160
9.480011
15.121634
9.976805
14.105866
14.296720
9.439062
18.534251
10.393356
9.092052
9.401665
57.016430
10.063436
49.438690
59.511484
67.155421
25.978142
29.150773
13.254618
10.320611
18.183450
16.948543
13.515056
9.860519
18.675907
26.584517
10.054089
10.325293
14.870008
8.935324
9.406456
9.715207
10.896618
37.969733
50.534698
10.826673
40.540660
13.725562
20.163742
9.919855
13.831346
22.227303
11.252739
10.137017
17.191956
25.368445
12.319959
15.661432
9.403542
9.004484
9.555313
12.010235
38.441437
14.782063
14.164419
28.322368
94.821844
13.490579
13.143428
12.594394
14.480492
32.619688
19.373940
11.497836
20.646986
25.473995
13.596765
15.477925
17.280798
11.281157
9.463073
9.075056
8.972352
11.970927
20.244482
18.543027
31.279975
10.469524
14.374486
12.018973
14.785938
21.906889
10.234708
10.536128
27.810899
36.273558
42.732882
18.951250
26.104186
47.415989
9.569483
9.740111
10.125965
9.292542
12.151365
19.133385
28.902610
9.762906
12.750468
9.790872
16.568534
24.103731
8.777844
15.726148
24.673223
31.869730
37.638252
45.123357
14.092127
10.895837
9.356607
11.186826
9.982876
9.686341
10.147368
30.255495
58.062184
52.600862
15.907126
9.920443
11.584186
16.342087
15.270600
10.509097
12.656540
21.699422
62.541159
46.854947
10.611304
11.412140
13.838027
16.061337
10.376682
10.048941
10.052497
43.082867
44.827349
51.319353
10.844966
18.630324
78.351194
75.512247
84.716055
78.369742
63.124692
74.291105
80.972670
78.948049
90.359598
56.246027
12.192674
33.493307
10.119497
8.923731
9.651190
16.073492
31.581130
41.263536
14.500117
9.681595
11.195826
21.651674
30.784769
14.828632
9.689475
45.808984
52.681541
61.761492
14.414480
9.137657
9.797938
9.875725
11.780081
10.143354
9.788939
9.849119
13.305412
25.395803
16.861776
9.129590
11.141792
22.116336
28.078776
32.929721
9.848463
16.171982
36.210730
16.048102
24.130526
10.533460
20.324931
17.432719
25.283018
14.318201
30.960108
29.095788
42.825708
19.274258
114.270139
24.134207
13.816283
16.702732
30.193800
39.577603
15.963039
25.804498
14.727426
88.673599
95.760552
54.731309
16.570673
9.455314
9.036720
9.966496
9.035832
10.775185
10.270738
13.111753
23.754998
9.594049
12.031333
11.544431
17.293302
23.350043
9.310721
13.431842
12.099377
23.977054
27.525514
31.283749
11.638304
9.702135
12.210188
9.510169
9.877596
9.873579
9.713504
13.780543
25.755581
9.416611
17.325624
10.463110
24.306300
32.146676
22.493626
9.161237
13.872020
25.537893
71.058477
48.963946
10.390563
10.259825
10.025760
11.535107
9.803978
9.094026
30.079795
36.160322
76.010337
48.013046
19.660172
9.677473
9.568753
16.591544
19.665834
10.280787
11.263056
13.521825
54.147797
46.156896
14.605415
10.405687
10.527942
15.472590
9.553134
9.355687
9.974071
17.060661
55.973713
49.873505
10.302013
8.974887
17.035477
20.021704
22.705470
20.217915
46.444878
51.964739
59.570704
66.052643
30.107707
30.285277
10.228514
9.686607
9.399286
9.136441
12.892685
47.691687
52.758321
52.194723
12.047528
9.279055
13.234321
20.444014
23.186508
10.327732
12.779351
30.137668
41.107424
58.288345
31.245809
9.305008
10.616483
9.676455
9.273357
9.125445
9.588657
32.488123
35.711511
44.123245
14.516946
9.982453
14.621013
21.954757
57.890821
47.893802
9.878353
10.289214
16.804196
20.584310
24.744160
9.439700
11.370029
14.664897
16.882880
12.001049
35.948410
38.526191
50.788421
63.409254
86.767742
17.107940
69.688073
78.056373
154.328614
100.074013
159.437443
25.325295
120.348021
128.996434
21.626746
195.084068
97.570056
63.631267
10.621867
27.791729
28.225409
34.981685
41.810809
122.699171
96.431607
14.415194
16.711514
40.182809
41.819278
48.379611
12.470739
9.701796
9.739721
10.976582
32.468218
13.388461
13.984851
11.349671
19.785767
9.985236
14.931377
13.399611
28.681604
35.915646
38.330408
9.570088
9.509617
10.125822
27.426883
35.847071
9.606348
11.091856
11.000874
10.502379
23.775531
12.533259
17.010144
10.265350
9.282790
9.201972
10.404573
30.477743
80.616587
92.091200
94.724103
18.860886
89.116444
29.590197
18.395551
24.875725
95.297992
9.441416
11.062747
9.370014
19.058708
13.590663
10.576945
9.304684
8.865924
13.722574
11.157450
10.851779
15.357809
58.161642
67.834604
53.035419
11.441175
8.734691
10.190705
28.330529
89.480730
9.908579
10.917224
11.284671
23.590456
13.864336
11.346899
12.463328
9.757147
10.314208
9.996504
10.693878
53.500164
56.311818
50.976300
67.562366
13.042513
11.089013
9.565888
15.621532
28.076588
8.414273
8.954341
17.784152
20.271530
17.506543
13.714950
16.263933
9.365770
10.225461
10.023255
11.327139
25.139341
38.367077
51.302396
52.063595
17.522766
15.055001
9.208589
12.436418
16.595774
13.934581
9.044949
12.712518
18.852463
25.593907
20.093467
31.085028
9.300983
9.307474
10.294113
10.250385
12.867331
31.228774
30.651504
47.054366
20.729454
9.620898
10.116022
9.611518
17.081581
42.224126
10.323940
12.129359
18.889834
30.104921
12.022665
19.852291
9.814573
9.985956
9.543913
12.832165
10.411804
10.820274
35.691414
47.119136
52.678935
11.858726
14.870196
44.113699
53.294032
45.523078
11.234506
11.553358
29.779356
40.531226
14.617222
20.291464
9.227528
9.168732
9.467534
9.160379
14.682800
18.871064
20.006187
29.744871
83.456002
45.527611
9.378740
10.936700
10.147181
16.786641
11.058513
10.865205
15.838432
21.575268
11.390642
22.826460
21.498789
34.708095
9.710163
11.190054
46.560738
89.139757
103.334229
106.439767
177.113519
145.826643
30.937472
44.418803
29.214156
125.176062
50.459346
125.307729
38.495988
43.921578
25.816157
40.515041
47.327962
16.162969
10.811540
10.304429
11.639584
21.719203
65.155260
63.519735
73.136937
12.294624
9.521569
10.832451
8.828463
9.046314
11.024744
11.310407
12.485479
11.075188
17.301218
15.263094
16.059578
9.266624
10.094511
10.247444
12.134120
9.219748
14.757930
42.429225
47.524887
59.109092
18.172311
9.558669
10.026800
11.591563
12.569975
11.889439
9.833086
17.311955
19.400596
20.862977
18.198654
8.661945
10.780018
9.474765
42.227319
10.983480
13.456509
39.737906
46.806822
56.463150
16.915056
9.917618
10.073487
12.190197
14.602508
11.241400
8.936456
29.250271
39.733939
15.779341
17.212766
21.472703
9.111835
14.413931
8.747772
14.339076
31.374492
34.765485
46.839234
20.223677
95.308319
10.460508
17.518437
9.817618
15.130186
9.048857
9.118291
16.040697
23.542428
12.950520
13.587263
20.415165
8.909665
9.098668
9.182908
9.293957
10.929588
11.556689
87.513875
94.853024
90.593414
9.158047
9.929923
10.218221
10.969306
11.964032
13.137804
18.365753
30.664434
10.023513
10.286498
16.799034
9.125759
9.268972
9.085198
9.169824
10.077250
11.459494
17.675254
74.441337
76.673504
11.596918
8.752894
8.825377
13.358107
11.621762
9.077879
9.615251
36.557508
9.192692
12.182134
17.499340
11.191195
9.745057
9.331018
8.849828
12.198786
17.517341
68.909649
66.882269
81.055569
22.690127
15.698719
9.363078
44.279934
39.007541
14.313964
9.872908
9.561467
19.656387
9.600235
11.911477
9.453972
10.504087
9.046431
9.083826
8.963275
10.974184
12.604815
20.564281
62.180907
52.174975
12.549195
9.209446
10.352921
30.690264
15.464291
15.424069
16.076867
45.766848
10.950398
13.288033
15.225022
8.917081
11.904646
9.344766
10.891609
11.859960
44.081081
45.704925
55.593566
58.669178
19.309936
9.353095
10.294283
23.669445
12.829095
12.671143
13.745815
28.589565
9.042530
10.213970
18.542483
9.433902
10.848089
59.635414
75.319372
47.966771
99.868207
140.139510
104.534650
115.266136
67.728984
188.688382
42.441131
49.519676
122.568757
55.612326
64.824097
128.625307
94.377533
15.384716
21.025155
24.851953
11.767448
77.055232
92.312961
90.414719
92.095355
171.904014
183.916147
182.828645
196.819744
162.105350
111.481703
191.849743
108.955317
107.617701
67.732104
230.772733
99.882170
98.861745
73.639592
18.533601
9.722652
10.773023
15.889065
9.391471
45.089221
46.657969
57.339667
62.014776
69.708950
102.127029
19.013567
110.451034
90.736894
33.799606
12.638519
16.095235
22.559200
9.520113
10.621624
9.391147
13.728128
10.496304
9.467348
9.762184
15.249344
10.067335
12.743897
21.777642
25.065890
86.744834
92.135265
30.866128
94.398661
11.296602
13.637602
10.062480
24.084674
9.365672
17.843867
10.090676
17.763369
48.183766
8.557906
11.087670
12.690657
9.015126
11.429956
18.479577
22.593136
76.855434
75.374485
11.632042
20.433810
10.256915
12.873796
12.550531
12.641534
9.265612
9.313227
9.609923
11.116642
9.075989
9.055557
11.050797
14.417005
9.323713
9.808220
11.409863
21.025193
58.556537
55.910493
10.961504
12.226578
9.305791
9.738877
13.972246
11.950325
36.822511
10.642398
9.495074
16.399227
9.236459
9.713394
8.932389
10.449027
9.305283
10.429432
10.865744
10.249157
10.004292
14.063128
17.240465
28.996303
11.598144
17.371719
14.516640
14.533814
10.098820
10.801265
8.913868
11.804988
8.661388
9.227460
9.946527
10.566690
10.007453
9.834901
12.625015
28.356347
10.184323
16.787254
15.727815
72.757245
20.433867
24.480262
17.384002
15.062465
12.089481
10.174650
9.977821
10.040050
9.012489
8.856529
9.011179
10.364987
8.667050
9.611158
23.606235
9.040964
9.842924
26.766130
34.697563
73.032772
10.217361
16.657147
41.712299
10.981057
9.875307
11.585706
14.742670
12.445644
9.918517
12.921242
10.698903
11.148622
8.893909
9.064145
9.566791
9.732017
9.646789
19.055425
59.605744
65.948766
49.075009
9.469620
9.808481
9.696925
9.758207
11.781483
12.229504
17.918914
14.165617
53.080756
19.520959
9.676452
11.329698
9.235095
9.309657
9.296551
9.382557
15.145876
52.185253
63.134635
60.090410
9.566556
13.425535
8.852267
14.034232
10.084076
9.306604
30.972416
30.015649
18.005107
9.401365
14.631010
10.573190
18.055806
9.639172
10.015254
12.013966
43.662480
46.281536
50.858295
57.602009
16.702353
52.254374
14.243533
8.933111
9.469835
19.230074
11.402361
9.251590
9.695567
9.053052
9.056862
9.810679
11.544511
9.080652
9.513808
9.327837
35.324204
38.792812
52.313325
20.417782
71.024082
41.653661
13.934939
9.905139
17.275099
28.524819
11.527596
20.386469
8.560248
9.995933
10.487128
10.132151
9.036571
9.011191
9.483030
8.831078
8.991982
12.464249
11.642935
25.635941
30.904622
40.305200
10.721369
9.527322
24.929330
31.498168
15.755670
20.496442
8.814041
8.817931
12.206562
9.747284
8.824852
9.459302
9.177387
9.158781
9.924418
9.649267
11.720678
21.599159
32.383034
39.097031
10.344395
13.126679
22.809592
26.912907
9.884530
10.718883
21.526453
8.977388
8.821228
10.564224
8.985468
8.887409
9.123196
9.493253
9.460176
9.289444
17.228856
33.122616
43.406125
9.347535
12.251194
11.001116
9.933336
21.834957
23.931916
19.932072
33.000687
8.691507
9.168030
8.953894
8.984779
8.798377
9.809417
9.617147
17.542022
9.586777
11.147189
9.588799
30.731664
34.698259
9.470541
19.040511
9.033964
11.998124
23.513499
9.956758
11.890165
9.295029
9.931886
9.397441
9.042444
9.122578
13.092038
22.157727
11.397783
9.436013
19.088209
61.708198
71.154819
59.692834
20.489194
10.276194
9.265884
15.495959
31.197318
9.950415
14.941050
10.748355
9.001576
9.806020
11.421625
9.125447
11.071646
9.568164
9.774493
9.412212
20.212631
57.363763
65.840465
65.978668
15.795920
27.975022
8.856689
10.919161
20.378350
14.901704
35.389065
9.765626
9.273989
9.477232
9.376415
8.905274
9.492931
10.237436
10.150145
9.070430
12.527583
44.100575
58.195466
69.625821
18.195787
22.363586
9.517229
11.203477
22.982303
33.317289
53.638311
51.133600
10.636162
9.028872
9.438695
9.164624
9.185636
9.475216
9.617789
10.732896
11.413970
41.345119
43.762492
61.467398
28.784662
14.241084
9.690054
13.603174
17.290345
9.138234
14.835681
10.400939
13.043624
18.559605
16.231793
20.729353
37.265492
14.201474
9.672963
9.542458
9.420871
9.927622
38.213665
39.915416
20.033698
10.047255
9.315236
14.153399
19.672370
12.376413
8.944166
10.277053
9.369271
9.075968
12.680838
9.257556
9.277489
12.690010
9.479476
9.282832
9.538367
34.360736
31.113219
46.432400
13.308672
9.019062
10.420659
10.320881
12.780095
18.083053
9.129761
9.086958
11.035247
9.747562
9.314672
9.619356
10.302682
8.799869
9.070531
9.108034
10.950333
22.352379
15.985128
20.426611
32.310798
10.691474
9.639092
9.769168
12.948121
15.278953
8.502635
8.815059
10.603459
8.965096
12.007301
8.698621
8.648888
8.737316
9.340466
9.034816
9.167426
10.780918
12.160210
18.456591
33.671040
43.510307
10.490764
9.999995
9.094978
18.843151
8.789569
9.361652
14.095727
15.978845
9.764603
8.715943
9.201204
8.758921
10.142140
10.148392
12.244818
9.734025
9.830450
26.538248
80.149437
44.165256
9.619374
9.221800
14.239740
15.908824
9.242337
9.258403
12.824210
38.357484
9.043452
9.207172
9.748083
9.340534
9.793159
9.757504
9.429003
10.555957
10.523175
24.662899
37.097010
51.284178
12.502614
9.056633
10.342442
20.300173
9.051934
9.231579
10.784998
12.483948
8.657508
9.965159
11.988327
8.865280
8.833487
9.166238
8.875740
8.916592
19.655404
39.229214
43.271773
74.907389
10.851299
9.156933
13.071613
16.910347
9.999823
8.880283
8.974708
9.551583
8.735285
10.565435
8.724364
9.780243
10.424212
15.616168
9.939466
9.402985
9.764556
54.482900
67.114553
18.097805
73.938577
9.049709
17.661617
17.754687
14.505556
22.929301
15.135918
9.477738
9.438922
11.599425
12.287281
10.691616
22.851389
9.574063
9.952502
15.059516
60.738575
73.971159
160.365715
195.705187
252.001281
23.037292
92.223199
246.261850
231.972906
115.198444
208.947534
262.513121
300.350930
164.097293
83.049337
9.286611
64.611825
48.138272
85.950280
69.924959
43.142341
61.948297
70.980414
136.026787
101.427181
9.199180
12.115512
18.717833
15.007555
15.378575
18.079662
12.070731
9.378956
87.527300
11.733340
91.838007
99.251115
95.360459
168.645790
210.972595
148.837503
289.661713
101.932626
327.879388
188.310661
98.673419
335.692110
315.685480
191.232005
88.495087
11.024248
67.805944
9.279471
9.048307
8.941619
9.501412
9.262158
9.458668
36.344863
31.345306
43.664706
113.663229
110.721067
119.558379
12.152635
110.191150
79.883900
23.661554
31.075890
11.459437
9.118936
10.366476
95.403465
15.651706
88.252952
9.228013
8.947248
9.551345
8.680070
9.030802
13.073583
20.191159
29.258413
41.780101
98.267602
61.166649
13.779280
10.551814
83.175538
16.377454
19.912423
11.426440
21.547621
15.292319
61.559013
20.626551
88.933490
89.833787
79.962628
15.245688
104.877460
91.840324
110.730982
124.227264
80.270561
193.008267
153.180061
12.458769
21.018652
13.909031
16.170394
9.207093
12.371975
8.487813
9.368222
10.659620
8.986884
9.148453
9.049282
9.554353
9.567551
79.960049
76.483379
92.545658
133.623117
175.397717
98.893791
20.967305
22.095092
81.967768
88.478816
8.646031
12.984294
8.987566
8.739720
9.105086
9.708918
11.007024
8.759822
11.539030
11.158141
72.091914
72.756870
159.936949
140.838947
171.531851
111.587866
19.541968
103.924705
11.031725
12.968661
9.369588
9.812675
14.459119
11.087001
8.710586
14.624983
9.199580
8.889667
8.892447
12.709222
9.408019
46.455890
51.769702
71.430692
87.366468
90.684574
15.759673
34.340324
8.853403
14.387824
13.979657
21.661687
10.550190
11.592056
11.183664
12.489703
15.449290
14.991670
8.736560
32.706739
12.568337
36.698104
41.259342
59.607779
121.756213
99.365796
15.365146
12.743218
43.372760
12.258837
10.635067
15.991811
10.317950
12.923188
8.794543
8.939999
9.699540
9.734932
8.720980
17.992370
9.078152
12.558907
12.527270
22.427500
31.549786
32.504472
51.803524
16.021364
63.853204
67.970173
70.924680
62.832370
25.509313
23.117343
9.827720
9.552340
9.258022
9.897407
9.589244
10.781968
11.985091
13.884711
24.483507
33.877898
95.495210
100.126439
21.776532
90.638748
45.545276
10.617120
9.653523
9.224974
9.255460
10.471784
8.902996
10.569874
19.822781
9.082017
9.150633
8.891787
9.111023
12.239742
25.588651
46.330249
78.118637
90.828559
59.746237
90.734511
69.487897
40.481178
43.284286
10.721615
10.093801
9.248892
9.654247
12.952712
9.253249
8.799840
9.422396
11.394380
8.941755
9.096582
9.426156
16.041630
20.349055
32.879490
42.857752
12.548101
9.478572
14.970619
9.090249
10.470091
10.651350
9.044050
11.692489
8.592161
9.673140
8.644053
9.149530
9.427670
8.723184
12.055396
12.468383
21.779559
20.453601
72.448891
53.798304
24.596112
41.814483
9.080635
12.465479
9.077504
9.651244
8.965310
12.282978
13.935133
9.057045
9.789640
9.891963
9.437222
9.030535
9.379759
9.550855
17.813929
21.768669
51.711004
45.207241
17.269256
14.771685
9.892270
11.902370
9.691362
12.077755
9.216656
9.066578
9.088531
8.782279
9.457066
8.938329
9.382220
9.108846
9.222396
9.043253
13.197669
21.284279
46.400498
42.786404
16.785449
9.657267
9.954669
22.021802
12.731988
9.122323
8.945254
9.331873
10.430849
9.077508
9.590943
9.285973
9.283572
8.993775
9.296777
9.965736
11.943426
26.368376
42.976638
53.649680
16.201445
9.788199
9.367504
10.435364
11.101653
8.888820
8.654285
9.423284
8.749281
8.754974
9.098965
8.764859
9.290186
9.406835
9.147962
10.797891
16.702048
16.922268
33.702975
38.502739
31.894942
9.832086
9.228385
12.537752
11.410941
8.694541
11.555930
12.626592
8.668843
9.175511
9.069452
8.878104
9.643923
8.952050
8.946610
9.669013
10.374799
11.650395
20.884681
28.006971
24.910570
9.783868
8.894948
15.153798
35.470460
9.357975
9.040442
13.950784
8.611584
8.782426
10.108604
8.791963
9.747539
15.934801
8.952541
10.943552
13.142354
21.580323
41.470586
89.843427
105.105724
67.419875
40.598192
15.027678
25.693071
12.014335
13.377580
10.493440
8.869966
9.109395
9.117366
9.352334
8.866279
9.007458
9.157677
8.912297
9.257318
22.283506
36.743029
87.500712
89.285320
53.670163
9.809143
9.469200
9.720754
12.265911
8.603359
9.217077
9.117956
14.032266
10.014839
10.697471
9.957601
9.407199
9.608252
9.756337
18.279759
37.096573
69.840430
79.341625
89.508033
53.680916
26.642929
9.378994
21.970550
20.398707
14.894476
11.491656
22.057494
8.771637
8.955622
8.962496
10.750267
10.609620
8.900978
9.839768
9.367565
10.811113
16.688186
32.397189
36.663117
48.387198
13.629477
12.012392
13.170313
15.987894
13.434181
8.791430
9.519965
8.924303
13.904820
9.298141
9.379497
9.752167
9.013112
9.738793
9.136985
27.641372
55.665191
60.806613
71.066012
94.553112
153.140088
50.941283
13.283649
28.996347
10.557590
8.752179
17.212759
20.076352
9.737762
10.132604
12.235273
14.247940
8.971792
9.834090
9.242477
27.663549
39.835389
52.559216
55.876670
72.016278
99.947584
53.462980
9.073521
23.740896
14.120754
9.437825
8.985343
11.464461
8.881952
10.127563
10.280740
10.671453
9.301014
9.893857
9.440690
23.203586
17.749974
40.929268
49.051330
127.706589
95.165823
50.353895
11.351291
11.516242
9.914731
9.101523
9.129048
13.675249
8.810459
9.356997
9.520214
8.969300
8.915682
10.286153
9.621487
11.704476
18.403183
23.762487
36.450026
24.080645
112.644591
41.590590
22.408425
15.584036
8.794799
10.765211
10.148872
10.550172
11.039137
9.491747
14.872996
12.890093
9.083496
16.302350
11.463367
20.540586
31.652580
104.052162
106.083424
104.082228
117.561717
40.127134
91.807071
12.244251
13.183216
12.308931
9.450022
10.695733
11.276944
15.178168
9.944369
9.065812
8.836622
9.351153
9.133396
22.904667
23.426920
90.196165
94.698315
95.515635
116.623028
105.607332
98.318857
12.310517
18.199623
9.388165
9.199364
10.526211
9.309258
9.637127
8.722592
9.143661
8.729797
9.571977
16.288549
44.871476
39.766500
79.001039
92.245559
110.978088
120.804712
99.881367
106.598197
33.089613
37.490092
8.805613
8.584561
8.650985
9.148947
9.013588
8.330237
9.558034
8.878812
11.123216
9.195275
14.267549
20.249243
25.909678
64.697924
71.730123
82.878090
78.019295
89.013929
11.102338
17.101075
9.084281
11.933052
12.268764
10.106624
9.131236
8.853161
8.883099
9.072554
8.708882
9.205365
11.382640
10.451666
54.789986
53.470252
70.214129
57.315998
84.598391
95.617497
13.864345
10.775821
15.307327
11.846865
9.819739
17.771400
27.824149
9.337028
11.000120
8.760405
9.283605
10.678245
9.101495
13.291655
37.895498
42.788709
50.250307
52.609553
59.120928
93.713845
18.486051
17.975041
9.290677
9.240096
8.890620
9.513700
11.099747
9.417953
8.749353
8.806147
9.077705