1114.924839
769.013953
679.600852
790.603740
540.135784
741.377770
1120.260793
1314.889644
1176.207875
1150.183599
1211.084816
1252.484973
1261.980098
1218.204147
1049.936899
1075.689278
1037.270283
1150.219528
1085.358817
1121.209101
205.549118
666.743043
790.550645
797.073520
877.457976
822.558238
1176.915251
978.934300
804.270033
803.966721
1099.749304
802.217530
812.307648
795.732790
1184.755962
714.115172
1109.743558
1098.104399
1171.413582
1117.467183
992.500740
999.740053
896.957568
1005.061804
883.547112
1006.517958
886.722330
822.622842
598.018261
990.312597
896.626798
921.193031
999.042630
992.245635
913.561019
997.898863
981.377953
989.991035
909.497229
979.959569
798.047119
990.257111
800.901080
890.100500
796.261658
903.807592
998.386635
803.044907
1073.991623
1001.710514
996.407645
968.513400
883.257178
903.471707
900.396390
896.081701
816.198047
894.462971
885.716421
894.334682
717.686206
983.683315
703.739546
791.274522
997.069392
994.409027
697.682804
609.592148
993.697220
690.807523
997.907012
1080.530575
1017.586034
702.057290
709.054380
1013.799699
1092.915716
1019.147910
1084.636481
1002.432700
620.110116
702.095986
697.662376
1092.059310
596.521474
682.665235
1113.857009
700.861493
695.679036
697.865014
698.315989
1200.300670
699.389149
1198.315251
1199.197289
1191.534924
1196.443167
1114.613874
1105.603867
1108.437524
792.368638
786.310543
1001.556064
1184.769405
1005.504091
1002.588393
984.413854
992.971964
712.179941
995.989475
796.344853
794.878872
880.754689
790.306638
792.906934
885.770684
886.593112
786.912969
888.360619
888.727526
893.865714
802.114539
790.995088
891.488608
788.883347
794.713151
792.083860
698.640571
687.980917
902.370192
791.174858
719.027098
894.642026
699.225884
703.166943
910.148837
919.476576
905.931325
610.613581
1606.434273
707.771192
1024.122892
784.606213
1008.578755
1004.696999
1013.509968
709.076337
979.180235
712.543140
777.996910
1097.576445
1094.471082
711.162765
702.162260
816.065902
893.993850
895.675677
978.843256
986.270800
914.030758
608.408591
782.873720
988.761882
1075.915637
691.595523
613.106250
1094.123134
708.930793
1097.267263
578.605313
1092.653533
1093.813676
1011.823068
1078.997695
1091.366324
705.569828
1097.546280
780.120720
1091.150478
611.386314
1093.749282
992.037307
694.862659
909.940612
612.427804
610.006945
694.247498
994.165415
992.138038
617.474713
621.395310
1013.996093
1108.009767
1110.899416
714.427473
1089.915408
1092.102713
1093.734365
806.812694
801.299115
1095.456600
728.217327
804.799574
1106.725780
879.064213
697.757878
1080.914307
995.234382
796.530696
992.826619
785.000821
980.837069
779.171755
777.905598
899.697354
696.985849
1000.587844
704.162104
995.223628
905.100746
706.012624
893.478265
700.508898
884.597018
887.626860
691.956107
610.836940
602.437134
989.903572
599.912166
999.695229
916.153023
1003.160263
778.471592
998.242818
702.732553
592.016301
599.475574
600.681398
1012.287215
702.105925
1083.633111
1098.338077
1080.706163
695.166498
992.852111
984.758994
694.689712
715.361979
921.089294
1888.738951
712.218992
902.671484
703.123639
799.306634
718.035085
705.963360
718.823546
801.401794
703.444272
704.651630
901.037763
900.304873
609.209047
903.513410
995.058669
919.412333
684.154446
689.167805
998.305931
682.230939
600.391184
986.057766
993.308734
694.015421
1000.775230
982.652439
987.970168
879.729266
985.699256
794.403619
998.071362
900.717674
894.777137
790.177469
886.726832
796.263911
715.814945
1591.593107
716.571153
712.571946
915.026078
782.041194
986.279938
785.330649
906.533094
1002.531378
710.155443
992.575195
713.439479
911.225892
888.879544
1001.056696
987.500731
989.994317
791.147005
901.164175
991.793260
791.944619
990.996932
1003.086223
992.665728
814.795501
897.452280
900.317652
988.013090
809.182711
886.190248
812.259771
879.644944
889.828901
715.964979
172.536459
796.028755
802.718179
793.428628
798.390810
803.886959
703.035135
899.674792
980.572006
907.834403
622.692689
980.959209
908.539161
686.528425
695.115347
899.094767
798.055380
795.152511
810.977679
887.111180
806.455622
817.220642
812.234545
802.747096
793.624017
808.977107
796.285418
813.926444
811.507506
687.686787
771.154196
703.677832
699.677830
700.259331
891.957624
686.494630
793.040505
695.538475
788.461804
705.685158
812.095822
790.827752
713.246759
877.345422
704.515294
886.275189
597.914664
902.279126
506.798465
984.319112
992.256510
796.852657
796.252474
1303.277025
688.826719
609.940588
693.496414
898.168879
681.061877
1702.170506
692.215150
782.459736
709.943524
1090.878009
986.116041
706.992200
988.669368
1084.727546
889.269302
812.165760
903.864401
814.048348
989.768232
891.642110
918.117064
794.218728
995.189479
701.934209
700.023059
1008.772326
1004.634824
702.034365
998.427063
997.715447
785.198274
711.184680
912.293534
892.067360
805.563562
1006.251456
892.568870
891.736342
917.965973
1085.473824
1087.131606
805.553887
1021.265958
888.942228
1092.753959
1087.600978
907.587651
986.684300
896.662179
995.517046
888.252888
905.670712
897.243044
899.000484
907.269708
984.434159
919.606620
879.080777
992.217965
695.605696
999.441010
896.094255
909.676255
901.529616
903.084772
896.999063
812.267601
798.949245
796.715962
810.448477
811.313866
887.217209
1489.841435
824.955430
897.426202
198.265683
597.322806
807.424392
600.382829
883.693719
824.846273
595.043209
521.104841
511.538538
812.548797
799.370357
587.534369
807.350245
588.788005
796.370600
885.601013
599.468322
805.128243
672.529276
594.871487
599.185370
689.495019
898.985875
885.651048
773.951504
695.545109
901.524765
895.004629
890.698649
777.569356
701.537500
817.461783
685.870263
693.001683
894.190591
902.827342
907.989979
696.793386
988.533191
913.961063
905.419402
505.668967
511.245242
601.156823
911.180181
983.367346
681.509684
705.165684
906.371066
696.796697
808.073561
790.654332
801.987633
710.538195
698.757092
780.140866
799.489887
803.524835
800.888951
701.395534
889.674615
811.558695
883.934166
797.399195
801.979572
796.235920
804.024896
206.804001
803.506976
809.761886
1000.475767
987.839721
1008.281078
1017.740305
1099.750122
1098.571907
1105.257765
1217.491622
1086.219462
885.748339
1097.146428
806.658204
1404.579779
788.110863
796.385740
1101.308398
1175.377927
1104.218039
1008.284404
685.956636
999.357137
910.544717
664.039953
1885.228267
1001.833041
685.517220
697.166097
708.101962
786.063441
989.127221
990.742569
708.770124
912.030383
788.263801
997.756369
801.137120
1082.250433
986.949057
797.763150
882.942272
1080.196729
884.021505
813.360520
1013.405699
1003.276758
996.603799
689.812584
995.177292
608.108159
614.269441
984.869123
910.838381
613.287489
997.108672
995.949878
991.337638
696.097123
610.333004
893.637772
802.766926
614.881345
800.209743
799.690286
594.377000
596.128547
594.923685
984.366979
600.929094
914.449532
608.235393
989.403122
914.379610
602.182194
916.883141
689.129998
991.179607
612.075828
681.061850
991.962796
1004.279480
985.320318
687.452779
914.417964
999.203025
609.102907
686.995408
603.915022
684.284733
608.520867
911.848924
592.746389
593.224820
596.206233
896.343379
988.984117
594.567175
908.846862
989.555564
926.847736
916.357016
793.832390
795.229086
694.352570
889.132748
786.106284
717.703759
721.154709
798.610847
914.735117
705.443676
882.639188
901.275754
699.901545
906.666655
783.301774
902.357470
902.357920
902.694403
593.699054
980.038507
980.518119
606.691540
920.342216
994.762462
590.168197
809.982856
676.137731
782.194432
782.020716
696.981568
703.276243
699.021620
702.966055
611.361280
780.846398
707.128348
789.617910
798.216310
800.453122
688.657293
796.992838
796.983866
793.997931
698.694552
789.104919
712.629098
889.648924
809.169270
892.037983
703.523087
708.098438
879.205372
708.399755
807.241450
886.793087
503.890244
909.910746
597.161438
604.686471
920.846849
898.692918
809.362392
882.179519
598.098744
988.628443
688.349883
887.181813
815.057194
801.480506
883.643226
710.201749
879.085380
788.651482
801.475840
793.072836
785.318815
703.559546
707.234815
783.547634
781.487879
808.670379
897.319834
803.653681
797.963329
715.998312
705.362813
807.165330
695.110518
882.222061
687.023896
605.973309
798.027358
605.219140
808.292444
807.454358
605.968900
802.215105
873.810024
804.179571
796.729272
503.234634
695.891668
697.091215
709.490201
682.211975
682.611449
590.435002
598.541426
810.756986
604.174692
802.204290
804.808192
816.495790
691.539412
791.549415
615.551323
883.552848
696.005282
905.150448
716.080077
989.440734
996.451585
1003.134937
997.121867
996.307008
797.300531
998.388797
801.126526
795.001238
782.874840
898.063433
700.112074
899.586948
595.385071
979.273097
899.801725
900.448633
415.657840
911.443637
984.123841
889.550221
808.008023
794.258117
405.494707
712.714231
86.314567
800.639910
803.264241
507.216376
797.060311
590.661150
518.244057
597.683681
796.146048
717.712909
605.964100
694.534640
682.592699
882.867569
903.579971
911.127154
620.816093
680.849730
1085.216165
706.276235
786.929550
791.770618
1194.495030
714.784772
791.386421
1105.270397
718.203128
1101.908069
777.878827
711.287787
697.576126
1178.878288
495.081685
580.615961
1118.811606
1113.390855
420.113641
507.151419
510.194198
1071.786779
596.889873
501.579720
1018.439161
487.563066
489.626996
497.057195
502.168061
504.133253
998.195669
1000.676883
918.614139
504.939859
585.866607
905.028161
907.371655
578.335540
411.379459
489.052392
487.376786
982.516483
492.879203
411.946513
994.679284
580.518614
1087.191495
510.104220
589.304883
1095.437899
572.618366
1097.205013
504.750181
992.168852
594.171384
995.576133
992.227668
598.619006
905.958247
986.176470
909.756408
902.043381
507.881844
505.273788
904.509514
498.171148
908.442338
421.804347
994.440158
994.362669
596.776851
1183.356654
704.318286
1122.191028
793.355714
1098.544115
807.871392
1100.438900
1094.416199
807.383817
812.428035
803.317039
889.527469
1098.108100
897.900124
1089.711773
1086.833350
1096.904316
805.194239
1003.267088
999.932320
603.794086
903.496368
975.892532
911.502081
698.234760
700.546600
714.375555
96.823537
716.226127
778.823002
987.245789
1002.229528
777.329332
910.679648
687.744641
912.333103
911.597308
912.209597
983.700165
897.516932
905.393472
611.873767
912.312776
884.219045
805.165024
589.644632
887.266548
597.840003
882.003503
491.981806
815.986961
496.615208
496.097228
907.060763
487.812964
898.023457
500.843269
896.459081
891.578652
897.036373
880.907142
807.441021
895.483331
800.902662
593.002457
606.227170
886.259130
878.707273
586.535206
804.036693
512.994565
505.188799
881.027881
510.901963
512.101019
881.820467
898.404752
596.381211
892.063804
599.358203
805.541398
502.513778
510.943578
978.834252
998.652791
900.961887
894.654834
675.380914
903.013007
911.249365
992.513707
593.053016
599.752737
998.839354
997.711123
609.555807
610.885754
1008.484233
1017.380404
491.278477
502.432449
494.585459
1012.042912
488.645738
1100.061271
413.165805
1005.520391
403.618119
405.150588
407.587202
402.213752
1020.037482
491.796158
1013.300999
1084.693354
1010.496262
997.521503
507.483793
999.516763
585.368230
500.095859
503.098682
1079.475802
1001.686986
597.128508
509.595497
1099.151173
576.434525
509.675863
1086.207950
477.111470
1083.902185
694.148065
420.894117
497.748823
576.807301
496.261880
486.114196
983.382978
996.547103
492.976456
1595.089740
692.876991
495.123971
1100.371462
497.639936
582.295712
1181.157905
519.666085
1125.045520
501.113173
587.096172
904.597358
990.359969
989.804820
507.957059
921.241529
586.797406
1010.616730
601.425369
1108.572431
626.394248
1200.874305
704.892705
1097.750119
1111.043854
1190.573538
1119.737868
706.454777
697.261084
1178.631721
1186.211739
699.426391
1187.722769
1101.918306
778.653677
581.829547
917.790579
507.332831
981.919602
506.023394
816.698571
788.083650
793.203322
1480.544518
589.840405
893.086143
589.464175
520.635209
912.090703
905.928470
901.711733
919.284977
910.351861
680.291208
611.706091
681.124639
917.531435
682.252749
905.009406
598.463855
911.798697
507.539902
993.987741
1074.732556
479.167183
1012.047910
493.970183
1086.561009
1003.115066
1077.315465
1093.605058
604.529017
1098.351815
999.518929
1006.715161
692.956076
609.100129
689.449534
1103.348910
620.453705
696.284907
1017.289546
692.337589
1184.049171
1118.069538
779.899546
1101.450124
708.631276
786.309106
708.040342
611.421943
988.689163
908.715453
779.248791
694.715541
675.419537
687.574611
684.917931
1005.417786
906.343751
597.046390
584.936079
594.776421
909.647553
910.536954
619.441960
702.959341
1194.866584
817.254948
893.321658
615.924872
690.730625
994.002822
903.176262
895.791860
518.465759
900.144859
687.943848
900.603632
883.275498
895.768057
909.210058
784.840389
914.238476
981.638842
894.569064
976.617547
783.100380
707.195470
991.469929
695.280871
687.191883
788.320158
797.371991
787.838312
993.633902
698.812700
702.629520
611.360051
1007.244033
619.712002
692.428563
701.189007
690.218567
693.195273
883.725083
802.923245
807.195009
806.391546
891.046886
608.315051
902.230973
900.338430
797.127492
510.359729
893.111783
680.096277
591.909140
909.811801
597.151466
898.547189
703.385588
988.451542
898.861245
810.485471
685.298061
604.374683
601.058909
898.927720
804.353320
885.091456
1194.149791
699.369781
1608.371062
615.782906
979.764714
810.384516
608.531063
887.018012
889.195173
513.367308
885.958637
511.601624
900.883737
506.933005
502.411593
907.982745
494.192932
991.911891
505.123504
681.742250
1002.034304
690.755824
701.869660
700.944268
1003.389682
783.241315
898.036456
715.112357
789.770286
797.341151
798.174600
708.570422
696.516306
795.599411
792.351098
705.615087
886.239585
801.516176
806.405591
690.918505
715.803411
611.892973
604.912175
694.845497
502.537151
590.812600
507.802928
502.620519
1195.467544
794.993363
496.470644
898.836342
988.557992
624.134202
1086.506070
1000.573261
989.142625
588.217433
1003.824496
1088.620019
600.585175
1019.335453
695.659000
1185.324024
716.637166
788.191918
709.001483
790.416621
1085.780586
793.724207
792.736417
1010.725996
894.771486
790.027212
797.956214
712.024134
790.579014
799.621822
788.000825
793.627522
800.649426
702.701614
873.242168
702.427831
696.196476
700.789635
805.196171
620.593806
607.796319
812.873478
591.512994
673.440250
602.584481
609.591956
713.048061
692.465114
696.574294
690.486464
586.177920
714.536787
798.505532
602.571679
609.551202
790.608471
620.303452
693.286553
783.529773
775.570169
790.322430
806.497199
729.084259
723.078693
792.626670
792.802276
885.157115
713.005189
893.989658
813.286380
778.697855
703.332719
908.057148
696.071059
819.844512
691.291088
696.942815
515.254494
501.499129
488.812543
824.741745
670.425211
584.789309
1224.470263