136.441189
308.147666
210.162638
214.182580
364.285262
146.468025
221.082021
248.578574
221.996948
201.726015
214.791025
223.421837
172.169400
329.638595
151.179450
138.602223
203.923742
189.273072
253.144155
216.032369
11.449577
57.098616
10.187778
12.026178
16.432954
13.353109
41.860404
46.196312
83.886889
105.643213
32.716524
35.912359
98.363938
40.813049
80.416064
12.957070
15.427268
85.477375
12.733438
14.754460
55.128887
19.743144
15.305568
89.830957
170.460425
88.559742
12.115919
18.490066
10.297975
9.886040
10.873915
15.488111
35.684406
71.756437
91.035830
94.503748
94.301944
99.873292
100.908852
177.763809
105.722419
95.967626
168.070476
75.024919
13.198748
82.064406
42.197198
42.861262
10.094165
16.321639
11.394606
36.255128
11.332638
9.994166
17.598906
28.511795
77.376450
13.299322
12.942254
10.028320
17.687581
84.494493
13.760640
17.621389
22.428484
10.821095
14.176425
16.224129
10.953589
48.557334
44.907552
17.560518
9.879263
9.964323
10.328930
14.312363
9.764593
10.329347
13.946607
9.967859
15.600399
10.401365
10.046398
9.827089
9.467654
9.199615
13.259702
13.736787
10.672211
9.965222
11.612131
11.434615
11.944426
10.300857
9.775663
14.175936
25.672727
10.921581
19.255448
9.650789
11.257787
9.955277
11.989719
17.059800
13.085562
10.258270
9.807926
12.441557
10.508293
10.117766
11.567072
10.560590
9.607111
10.144438
9.521253
10.868323
10.417707
10.054888
18.697615
10.560042
30.935657
22.149865
55.050384
39.350185
50.526498
14.136012
52.650710
45.919650
32.547099
14.540174
62.641265
59.809665
12.341649
17.118144
9.192738
11.843625
10.489220
9.190282
11.350179
9.557316
11.743042
11.556382
11.014390
9.667417
12.518584
18.379578
17.612656
14.653406
15.554389
9.728475
10.015691
15.694814
12.526079
9.177216
9.524186
9.700977
9.416426
11.974461
24.184509
26.705302
10.990205
30.449205
10.626151
12.582097
13.954091
9.496289
10.108090
10.738755
11.410560
11.474635
9.425526
10.663177
20.802683
9.420930
14.677872
10.683851
10.346470
12.861359
9.569312
16.122061
13.225676
9.562476
12.292976
11.651134
18.266009
12.991539
9.977659
17.033104
17.264204
12.986824
10.096758
10.383237
13.683329
10.411237
10.622835
10.886298
10.157811
10.673964
10.185807
9.510873
60.027461
18.046015
57.755776
56.812861
12.863177
61.960141
55.680377
48.979264
49.639513
30.622833
10.206548
10.119163
37.802160
11.103068
11.696434
10.091836
10.227916
9.910061
9.101550
9.553987
16.606878
10.738319
9.965192
11.595363
12.704196
15.536037
9.705386
13.698395
15.066408
11.836167
10.518673
37.080380
9.745288
10.481826
12.456020
15.016780
11.056657
10.060500
9.567946
9.360393
9.642793
12.418832
9.535213
9.231965
10.054626
9.489448
9.446924
9.580757
10.055196
10.441804
10.413942
9.468045
10.061167
10.942990
10.375246
9.672329
10.034703
10.011606
9.348223
9.330360
10.662571
17.209197
10.008965
9.870406
11.340811
11.357730
9.783202
10.396716
9.750799
9.821351
10.123813
9.670722
10.072435
11.339881
10.904778
9.940015
11.870197
10.504660
9.538504
9.317829
9.545123
10.806014
9.280834
9.794209
10.221582
11.236471
15.458794
14.655759
15.295473
14.730088
12.200141
10.344595
9.752514
10.725970
10.623707
10.355048
9.455580
11.446875
9.168511
9.701955
11.392345
9.987454
9.947454
9.800996
10.664529
16.676793
9.365203
10.355909
10.679091
11.882278
9.776245
9.584768
10.806360
9.984904
12.822121
9.634070
9.672501
9.631665
13.843382
9.208198
9.562885
11.212219
9.756864
10.570820
14.504781
13.055710
10.592126
14.605791
18.936721
24.232392
21.637742
11.359691
50.036808
27.232247
22.594698
9.424382
11.977516
9.802291
10.246078
9.248422
10.101767
12.207892
11.442800
13.394670
12.797275
10.116801
10.321075
10.224297
10.279147
9.419125
10.015904
9.841168
12.013622
12.316110
10.283032
9.018775
11.734442
10.013565
9.243502
10.134388
10.009286
10.135542
10.004588
13.492501
12.453691
9.722563
9.815003
10.242281
9.611724
11.172421
9.709750
10.310659
9.348077
9.790553
9.611338
10.611809
13.061868
9.324212
14.583653
15.322891
10.115962
10.856681
9.973543
9.562336
10.167878
10.744831
9.128953
9.429503
9.778545
11.349570
10.482774
14.562335
10.119751
10.609457
9.511477
10.233852
9.351755
13.000121
9.784821
16.330658
11.819995
15.187123
9.184257
9.683611
10.184051
9.981687
10.049640
9.105412
10.707392
9.205962
9.968268
9.175726
10.325243
10.174577
9.525879
10.162547
9.186725
9.700596
9.381379
9.139166
9.534902
9.643834
8.859581
12.713283
9.601504
11.173444
9.258882
8.944720
9.759238
10.835809
10.291155
9.966241
13.492172
11.080253
9.567044
13.798154
12.664014
10.747409
9.112372
9.584780
10.047808
9.858334
9.255964
10.493577
9.131018
10.398442
9.599128
9.652441
9.505666
9.134457
9.355204
9.307725
9.148101
10.223457
9.360538
9.466861
9.171315
9.496294
8.936430
9.153832
9.644626
10.343507
9.502826
10.202294
9.600875
10.749217
9.514064
11.072411
9.397040
9.841443
15.507257
12.269427
9.516518
13.667799
9.847403
10.118415
8.859733
9.930347
10.866288
9.737220
9.705142
9.907771
9.274501
12.559869
10.046521
9.554841
9.784154
9.798308
10.257918
11.819807
11.631070
12.516904
11.904035
12.049846
9.767429
10.147760
9.993386
10.373537
9.245914
9.445138
16.620639
10.171999
9.489762
10.600960
13.100531
9.702459
10.246875
10.625298
10.277694
9.650925
9.839173
9.806829
11.526916
10.579189
10.120679
10.005336
10.178843
10.875043
9.856937
9.964447
9.474099
9.965759
10.205900
9.116282
9.420316
9.165801
10.280856
10.591077
10.523759
15.330656
11.591900
12.329948
16.044758
18.068063
12.231176
13.843376
10.203066
9.573775
8.872552
8.986515
19.298680
14.971206
20.570997
10.817016
13.495459
12.179255
8.828498
9.456840
9.769565
9.762771
10.003967
9.595776
10.032575
10.274128
9.323654
9.800373
9.816142
9.783771
9.012660
9.426291
9.792748
10.870159
9.662098
9.678899
10.453777
12.117974
9.163245
10.951076
11.237699
10.109949
10.031524
9.124438
11.571570
12.412364
10.302458
9.449401
11.174688
11.982104
12.795639
13.859795
9.500892
10.505538
10.973698
10.062579
19.780657
19.145215
9.470552
9.251921
10.618499
10.603078
10.509452
9.282403
9.939005
10.182805
10.455127
10.120786
9.257736
21.566162
27.589758
10.460513
9.569499
10.634641
9.556437
10.513380
9.495641
10.579765
10.226069
10.144450
9.604030
9.641881
10.608798
9.453375
10.578637
10.424307
9.782620
9.914326
9.634142
9.839314
9.734351
12.530353
11.846118
9.621500
9.149054
9.273389
9.528023
11.565808
9.601340
9.836534
9.553231
10.658829
10.412093
9.266796
9.953778
10.173962
9.883988
9.544495
9.243347
9.736234
9.052839
9.857264
9.202834
9.446773
9.627106
9.292771
9.400851
9.104413
9.129746
9.212183
9.435821
9.677830
10.495281
9.368845
9.263207
9.873124
9.757135
11.189047
9.136214
9.707789
9.360137
9.194710
9.519402
9.324645
8.759884
9.124345
9.416789
9.195066
9.053935
9.160907
9.487413
9.565713
9.149182
9.576186
9.853384
10.116617
9.875792
9.585214
9.851703
9.498892
9.225425
9.151535
9.265004
11.388411
9.118138
9.596021
10.516999
10.336452
9.280965
10.233785
10.089652
9.909520
10.156110
9.665839
9.773865
10.349768
10.250127
9.608753
9.776140
9.393791
9.869182
9.330772
9.082091
9.018603
9.707138
9.719101
9.734178
9.034937
10.072255
14.637469
10.055492
12.082264
9.441107
9.744392
9.907435
11.448659
10.345150
9.593997
9.633873
9.780294
9.680951
16.629054
9.260391
9.976741
8.988471
9.364862
10.076040
10.141406
9.591638
9.523077
9.541159
9.943165
10.021838
10.543791
9.674949
9.369510
9.400814
11.466188
18.343478
13.543570
9.617219
9.352759
9.370496
10.240761
10.137274
9.365348
10.749673
10.648347
9.903635
11.387654
10.336388
11.202966
9.090900
9.304469
9.222204
9.374318
9.198597
9.758401
9.461729
9.156607
9.071820
9.325086
9.664891
9.714070
9.157191
12.317179
9.964213
11.932159
9.019214
9.645098
9.676765
10.879778
9.096884
9.101252
11.435690
13.126047
8.824710
9.584250
9.412211
13.490440
13.132062
9.525568
8.894082
10.837407
10.112217
9.838579
9.054558
9.446134
9.562159
9.039678
8.834428
9.233072
9.902085
11.460886
10.049075
9.357036
9.325893
29.380383
67.655139
43.148964
16.997462
10.531674
9.454519
9.799272
10.322907
9.851640
10.148398
9.627757
9.712975
9.981455
8.987002
9.523018
9.376267
9.042265
13.795675
10.567322
10.096517
9.552103
9.824222
12.174900
10.710650
9.454373
10.023212
9.763305
10.449671
9.739246
10.435223
9.710056
9.763567
9.250498
9.403701
9.808801
9.780273
9.477084
9.494533
14.043832
10.562704
9.382797
12.659331
9.703207
9.730344
9.202270
9.551432
11.292665
9.806217
9.445823
9.475129
9.827866
9.722432
10.278346
9.829068
10.065188
9.554143
9.233805
9.682216
9.630838
9.568268
9.347099
11.366721
11.252727
12.041334
9.080868
9.125520
10.204546
11.544858
9.863027
9.259630
9.291604
11.201296
10.265290
9.232812
8.952120
9.719079
9.833608
8.825203
9.703241
9.788798
9.706641
10.611031
11.041255
9.748906
9.625891
11.001333
9.905911
9.368279
9.052423
9.704725
9.455321
9.467245
10.356935
9.511145
9.758718
9.242508
9.177118
9.662046
10.709797
10.914251
9.295485
9.758627
9.544751
10.192864
9.617391
9.174237
10.218972
9.564227
13.988538
9.496202
9.858582
9.633333
10.154451
9.207496
9.699154
11.018995
9.534193
9.156077
9.471478
9.292035
9.453885
9.552372
10.647370
9.798770
9.444456
9.060552
9.414224
9.809547
9.483416
9.377790
9.864622
9.070143
10.239619
9.925778
10.343646
9.630709
11.325661
9.045282
9.685547
9.327782
9.831226
12.036321
18.322380
26.357528
12.700115
8.915858
8.996686
9.842980
9.891475
9.417212
11.053788
10.882161
9.458865
8.874418
11.604308
9.794534
8.879361
10.071608
9.715647
10.480803
9.074591
9.453865
9.590178
9.395607
9.756754
10.370473
9.580688
9.980444
9.299445
10.511359
10.916022
9.603429
9.423062
9.850425
9.155732
10.109802
9.244908
9.009737
10.773801
9.475352
8.833190
9.626176
12.569965
14.200594
9.151750
11.764004
9.009000
8.972394
9.211833
10.089504
9.895624
9.230913
10.420440
9.109720
9.139956
9.424642
9.404689
9.916841
9.302202
19.495910
15.806978
14.549223
9.399812
9.366317
9.175646
9.174971
9.571581
9.397140
12.790382
9.630120
9.966458
9.444217
9.736669
8.720227
9.208309
8.946656
8.942886
9.105007
9.047996
8.824858
9.390684
9.826450
9.145857
9.418029
10.043290
11.350537
9.440409
10.125851
9.000262
9.642213
10.181791
9.979285
12.484895
10.956468
12.167280
9.394902
8.907611
9.100787
9.338128
9.785616
9.894277
9.928775
12.861216
10.633619
9.295536
11.152963
9.775453
9.323350
9.651653
9.538532
11.355007
10.947134
10.140938
10.489076
9.676816
9.343514
9.115715
10.650506
9.504412
9.956558
10.898081
9.651365
10.201160
15.364742
10.773532
10.746266
9.280373
9.200471
10.465284
9.986060
9.499097
9.195653
9.975875
9.656609
9.565652
9.871434
9.536853
11.178117
9.749197
8.773472
9.612598
10.092623
14.386310
10.694548
12.569938
9.431373
9.295071
10.517037
9.886216
10.324062
9.782471
12.018722
9.708966
9.461952
9.743062
10.194401
9.193821
10.054326
9.228262
9.081247
9.164503
9.924743
9.250109
10.239838
9.985145
9.206439
9.828696
9.625301
9.452605
11.480876
10.183257
9.104700
10.004177
9.741649
9.202504
10.050423
9.365856
9.293540
12.184039
9.572145
9.391542
9.181325
9.505536
10.101727
11.701591
9.888366
9.319452
10.087135
9.970984
10.287994
10.033098
10.002969
10.033388
9.921927
9.796269
9.956886
11.894545
12.105603
10.655512
10.569500
10.365563
10.318445
9.882925
9.837594
18.480263
11.652572
12.633727
17.259981
10.228139
10.023338
11.131959
9.481533
10.497754
9.377708
9.286965
9.141478
9.184761
9.326089
9.740583
9.506957
9.281710
9.503435
8.993403
9.732418
9.692269
10.579296
10.154182
9.390352
9.346243
8.814460
9.276653
9.654598
9.736286
10.186872
9.671123
14.949276
9.717168
9.579600
9.359752
10.204970
9.278787
9.553228
14.065396
11.455910
11.833677
9.242865
10.256769
9.282522
9.306348
10.413468
10.000321
10.255592
9.917959
8.810462
9.314348
9.662586
14.272662
25.003830
16.018814
70.381072
11.357610
9.392955
11.104801
9.969342
9.108710
9.841638
9.214857
9.141657
9.593218
10.282614
9.811347
11.805249
10.056184
9.163310
10.676661
9.378875
9.193267
9.299810
9.363244
10.146966
8.997367
9.652172
11.913780
9.842527
9.531895
9.376967
9.448606
9.376858
9.462313
9.079343
13.129260
9.247589
9.964988
16.259117
12.261672
11.079964
9.554116
9.597907
9.726729
11.073364
9.012842
8.915355
9.038513
10.289725
9.115814
9.360728
10.071355
9.267229
9.540652
10.003974
9.534225
10.510407
9.944626
9.216491
9.613031
9.206505
10.654198
9.153615
9.915129
12.070422
14.012917
9.718746
13.357747
11.393980
21.339559
13.171283
10.137023
9.409204
9.040383
9.396818
9.443223
9.094996
9.614934
10.041394
13.845275
9.571693
10.881118
9.547605
9.585810
18.530592
9.286591
9.535504
9.444862
9.778738
11.437664
9.262205
9.763547
9.741540
9.546279
9.674373
9.834224
10.137347
10.809563
9.049381
9.171996
9.337740
9.547079
9.335880
9.867005
9.459453
10.158227
10.041112
9.467227
9.825654
9.757154
9.492339
9.541781
9.924514
9.444891
10.967434
19.520314
13.315669
9.444070
9.774770
12.788374
9.646923
9.596228
8.742023
9.681517
9.707434
10.486336
10.131220
10.419861
10.147390
9.080727
9.175479
10.275570
10.002398
9.530719
13.284006
24.746156
12.691104
11.123769
9.807544
19.142789
10.711619
9.508375
9.446218
9.044649
9.413816
9.142898
8.818993
11.044580
9.762143
12.885586
10.139651
13.860131
10.944302
12.066494
12.670724
13.983802
18.708227
48.257687
30.198780
23.994842
16.522298
55.260695
9.383756
9.164704
9.135944
9.131936
9.218698
12.655300
9.760316
8.913925
9.558124
10.522565
9.941692
9.015512
9.719400
9.750019
9.075531
9.111327
9.945483
10.129887
10.549749
9.793527
9.356836
10.161131
9.831731
9.478721
9.590364
13.117133
13.671295
11.129743
9.015077
9.417017
9.245632
9.659968
9.734278
9.701216
16.217429
21.141323
24.477453
52.600474
66.324954
24.654647
55.961856
11.345841
13.759756
44.615123
9.307437
12.467839
16.756771
10.477121
10.273758
10.272552
11.116133
9.218380
9.314227
10.579043
9.307452
9.275395
10.269149
9.749080
13.606660
9.492137
9.550972
9.611279
10.882156
10.686883
9.707363
9.887953
9.503837
80.111904
9.115689
10.035067
27.074725
9.437616
9.159795
9.518684
11.526763
10.100585
9.838449
9.307111
9.760270
10.206545
9.333142
11.049769
9.520490
9.840665
8.956133
9.741901
9.307549
9.306486
9.079961
24.828193
10.557683
12.812548
9.343260
9.750238
8.990596
9.505082
10.061675
9.418611
9.148424
9.518011
9.974957
9.604517
10.556045
9.136225
9.189966
10.623811
9.788021
9.185424
9.052544
8.811709
12.170365
10.461307
8.972109
9.296134
9.406042
9.131314
9.721771
8.966396
10.521942
9.518979
9.726750
10.232097
9.356494
9.552592
9.825452
9.702086
9.839330
11.189342
9.297195
11.276314
10.353792
10.256740
9.054006
9.948848
9.410603
8.769520
10.290165
9.090861
11.535179
9.486449
10.014490
9.227702
12.398125
9.731140
9.385177
10.166682
9.823260
10.197881
15.845818
9.619229
11.177203
14.756143
9.399385
9.628861
9.531718
9.542831
9.762751
12.011098
10.153742
15.305381
9.930025
10.157094
9.993014
9.703608
16.480881
10.073668
10.132240
9.565531
10.707922
9.553918
10.824658
9.358345
9.251627
10.483261
9.657592
9.542474
9.367791
9.888031
10.982252
9.193182
11.788964
12.927236
9.476180
9.567589
9.069688
17.423152
13.941871
9.919142
11.322979
8.770829
9.830117
9.192124
9.546460
19.133863
13.286703
11.645502
11.935809
10.236989
13.216933
11.814936
12.978523
22.529428
15.193895
9.360215
9.369364
9.741124
12.858759
9.053810
9.299251
8.713640
9.094186
9.449378
9.075876
9.522372
8.986121
9.137358
9.091651
8.770818
9.094524
9.072771
9.296334
9.227578
10.510223
9.692658
8.903908
10.151793
9.766362
9.059231
12.321537
9.168613
23.525942
27.269084
28.007437
63.558165
36.460495
14.082860
49.792457
12.050103
13.949541
11.124552
8.996151
10.695547
9.048021
8.729470
8.962737
9.324515
9.396641
9.278049
13.396019
31.111312
12.159890
10.426602
9.246330
10.078716
16.768874
15.514967
9.904112
14.827054
11.920784
9.047745
16.115919
15.985229
13.599123
91.594887
47.618970
83.828654
82.215480
15.338780
72.394195
18.179053
15.113647
65.717239
45.219907
19.096739
47.881629
39.356409
14.384230
14.698532
17.266503
30.893897
10.053253
11.250729
9.316904
9.082427
9.507882
9.184258
9.688894
10.064670
14.613564
73.620319
71.453214
25.129513
86.350678
55.410451
17.938446
23.074265
71.247620
50.989998
48.926631
11.092724
32.130406
34.270274
31.838015
9.029846
11.640915
13.353846
19.093638
66.718222
9.551937
8.667072
9.513057
9.354823
8.857577
10.520459
17.327103
10.664763
8.793960
14.801199
12.803147
21.539691
10.146228
16.442582
16.936120
9.461143
11.211487
9.276869
9.678310
11.786079
10.624662
8.973798
9.716461
9.123896
9.487804
19.558273
15.046086
13.231460
9.323071
9.727205
10.040988
9.578078
9.907156
9.408072
10.518216
9.287849
10.718617
8.945957
9.577398
8.948858
9.612096
8.846811
9.896757
9.889289
9.968666
18.355752
15.985462
19.966027
9.354557
9.346645
10.681151
18.359669
11.369545
10.591798
9.391452
8.969124
11.088990
8.933823
12.781118
9.359105
11.859165
9.000867
11.504713
10.371710
8.891858
8.967775
9.919041
16.490982
9.219030
11.455802
11.142166
12.708513
11.862799
14.828618
9.791136
10.596296
10.322426
8.790773
10.396439
9.145288
11.727171
8.997197
9.775902
10.606240
9.696864
13.395236
11.259361
10.609287
9.422628
15.763461
42.309622
46.396193
14.889880
41.195672
49.866355
11.454155
13.178398
10.077357
10.209697
13.867364
15.085020
9.304296
9.180961
9.198624
9.261181
17.933184
12.312543
12.525401
8.733639
10.025238
9.616933
10.715481
14.046547
9.683899
13.850812
10.537518
21.494558
9.153100
9.402464
23.323411
18.533038
19.222884
48.075478
30.060624
11.934339
10.544698
10.043533
11.644716
8.969159
15.857288
8.879465
9.576207
9.738389
8.703937
9.638079
10.587802
13.190704
12.125758
11.395760
9.049789
9.536229
11.120191
14.319916
10.518936
9.359147
9.312184
15.797352
11.473137
10.296080
9.571975
8.988053
10.031449
9.981377
8.656083
9.010484
9.691957
9.750791
9.516240
9.523067
9.365798
9.297090
9.057082
9.469615
9.986951
12.553305
13.783216
11.295834
9.833086
18.844780
9.147329
9.350548
9.525022
9.573824
8.691284
14.820169
10.807697
9.437892
9.463745
10.129396
8.699923
16.341821
10.024964
19.335424
13.461644
18.998700
10.934969
9.525340
39.707528
9.672799
9.228395
9.180445
9.622120
9.272663
9.658948
9.705203
9.128062
9.696596
9.126102
10.519064
8.785625
14.749628
10.803483
13.426994
15.558042
9.005427
9.723971
15.437364
9.670214
10.012426
9.150297
9.805458
16.842146
9.478285
9.553767
9.773867
9.290189
9.694999
8.890614
8.994955
8.982050
9.629067
10.901957
11.864665
19.630554
8.710281
9.084834
11.657102
9.989951
9.385130
9.669441
9.266576
11.984999
16.035164
12.390919
13.278240
9.230195
9.302056
8.984942
9.423637
9.174851
9.670350
11.966316
11.022305
9.807932
14.260220
12.226893
12.387914
9.072109
8.719795
9.294761
9.646446
9.919359
9.924284
12.242415
10.525333
9.184025
9.296747
11.823082
8.975391
9.845511
9.527235
9.773573
12.232747
9.710010
9.348955
12.260840
12.436802
9.378495
9.031391
9.288051
8.923529
9.708948
9.554724
9.024476
9.162844
8.862920
15.151747
8.887396
10.389859
9.291038
8.909520
12.746631
15.366965
8.759265
8.905246
9.237678
9.716326
9.061289
8.503622
9.468158
9.252710
10.374992
9.510228
9.214265
9.323172
10.548535
14.257982
9.267052
9.211843
9.875408
8.897939
9.564316
10.004942
9.034448
8.624494
8.829604
11.283579
9.795936
9.251465
14.430600
9.239051
15.933257
8.915328
8.810775
9.328827
10.318554
13.722843
22.875439
28.853499
22.352012
13.788819
9.337234
9.426785
8.954960
9.860826
11.747243
10.192208
8.838384
22.374820
9.095135
9.318905
9.478746
9.698685
9.101530
9.413344
9.325584
9.288467
9.074505
17.777733
11.233595
10.103019
9.642908
9.991679
9.581324
9.072891
8.934583
9.001365
10.186318
8.960784
10.199954
8.854619
9.953396
10.595193
8.949629
9.680128
9.603937
9.672817
9.004909
9.461667
9.313285
9.433071
11.858087
12.470526
11.770714
8.823988
8.946158
9.418967
9.428409
9.797660
9.746600
9.163347
8.861404
9.300922
9.386679
9.832775
9.102902
9.639993
8.974005
9.326024
9.770424
9.910337
9.045985
9.606385
10.220273
9.293429
9.116326
11.804740
8.894022
17.702824
12.612755
30.138975
10.701087
10.727518
13.952630
19.053342
8.974848
9.523506
8.916318
9.160160
9.440567
9.462985
9.588998
10.026687
10.661563
9.651318
9.846995
10.388358
10.944319
9.015013
9.441828
9.362759
9.356400
10.063164
9.121737
12.027682
8.979914
9.080587
9.535903
9.123129
9.615027
9.168949
9.518814
9.165904
9.251135
9.540004
9.377184
9.585874
9.537454
9.257579
9.119919
8.682487
10.893838
9.850600
10.336328
9.409838
8.695040
10.219462
9.148113
9.308805
9.653047
10.290464
9.348231
9.291628
9.398784
9.189605
9.906774
25.638552
27.253111
135.277350
117.961162
104.487082
132.226024
169.626405
196.737190
192.990810
176.764535
256.170341
119.625897
88.952520
44.806448
66.227104
17.352319
19.550827
19.311829
18.632886
17.718584
9.651304
9.519524
10.997200
18.807257
20.001527
16.366997
25.598067
23.404954
32.656071
13.386502
15.635306
9.629136
19.349475
19.241886
8.682697
10.290375
10.823311
12.669591
9.002293
10.933883
9.626983
9.935946
9.031616
9.712843
9.224341
9.264769
8.675428
9.105381
13.031712
17.982509
60.809540
26.538733
12.933010
69.562050
10.917736
70.258458
66.935265
65.573513
18.752004
19.134699
45.424608
28.453643
9.196592
9.725250
10.723457
9.231658
8.790922
12.334159
29.979847
10.431597
11.485708
13.614337
24.668399
24.406740
78.166994
12.538912
19.999252
79.641997
73.353361
73.430201
9.999151
21.527904
9.575806
9.668606
9.928848
8.834654
8.904284
10.016878
9.362191
9.586719
8.996469
8.693375
9.039710
10.018130
9.927334
13.633462
11.168556
9.332801
16.389324
17.710794
13.399402
73.993192
11.778797
10.543288
9.501583
8.990702
9.251522
10.350447
9.714423
9.830628
10.055505
9.589926
9.437240
9.281160
9.902302
10.579425
12.692187
9.536763
9.336397
9.891207
9.735930
9.452797
9.634999
10.507205
10.981579
9.077897
8.965070
9.488427
9.035799
9.591543
10.263418
11.908591
9.293757
9.385209
10.890358
11.216399
40.419904
9.226978
9.441274
10.420392
14.692586
9.108422
8.943599
9.853105
8.772197
9.921163
10.544208
9.623355
9.116424
10.229704
10.902707
10.605356
9.496830
9.445827
9.158239
11.058213
9.105705
11.492008
10.360040
9.523513
28.476452
9.447436
18.057727
16.675916
9.457933
9.223463
9.677539
8.852079
8.909448
9.152465
10.052345
11.263674
10.301526
9.695447
10.353002
13.290804
8.865150
8.950943
9.100991
9.382364
9.373195
9.198315
9.250122
12.859564
13.033701
9.068035
9.334631
9.375658
8.727321
9.933431
9.380455
11.688931
12.887081
9.869986
9.620782
12.215785
8.899061
9.046745
8.724512
10.098244
9.235245
9.703280
9.071674
9.074507
15.683518
8.823322
10.647456
9.091049
9.569076
11.042867
9.695477
9.514930
10.708968
9.496473
8.890114
11.218362
9.103555
8.635553
8.785391
9.116790
14.877302
8.991490
8.954238
9.990932
9.331949
17.612216
12.803789
9.209820
8.669052
9.963637
14.167211
14.417628
15.870938