343.044755
268.902738
268.999677
139.860333
229.850669
363.687489
353.903363
14.111648
10.186435
10.762994
9.555571
12.689535
15.539036
11.627312
11.526745
14.423043
11.307011
11.266335
14.731715
51.703715
16.578705
13.960525
18.026599
27.097493
106.695040
89.336737
105.305829
31.075126
95.156515
91.601727
7.593249
6.707772
6.762366
6.654269
7.172008
18.377745
7.108341
6.842675
8.584478
10.477026
9.311489
13.487021
15.538109
17.539598
7.795766
12.391555
12.052893
16.808755
75.399606
11.426895
18.787804
6.539829
6.055700
9.527168
7.503490
6.956736
6.552977
6.850478
6.793346
11.723668
10.487341
7.162028
8.894912
12.961885
6.963499
6.694555
8.957016
10.183844
6.718913
6.931330
7.853443
6.314859
6.142707
6.138594
6.196483
6.220893
6.321285
7.007835
6.581963
9.489175
7.284651
8.713224
8.913346
9.892673
8.078284
8.968703
9.183847
15.596720
6.090003
6.360017
7.435925
6.259874
5.864292
10.328477
7.162187
5.863483
6.724299
8.597285
7.685486
8.749665
8.004949
10.191519
7.427911
7.386368
6.279570
7.221549
7.757079
10.843065
6.495881
6.139799
7.432752
6.612556
6.282998
10.900529
12.159499
11.650755
6.314038
9.241538
10.754685
7.227576
7.349136
7.557122
6.243451
7.673853
6.841147
7.635164
7.403765
12.894713
6.793616
7.322117
9.425276
8.161629
7.226015
6.359128
8.612145
7.138752
6.523499
6.009278
7.075526
7.829550
15.523172
20.996887
16.453906
13.127503
9.592329
10.817369
10.183735
11.326354
8.906096
8.028058
10.659191
7.028370
10.805909
6.131190
6.712944
6.605570
7.965593
7.384480
6.682669
23.766288
6.817301
10.656388
6.213433
6.376030
5.951596
7.030361
6.550783
9.217164
6.214618
7.339925
8.533993
7.457355
6.301512
6.027708
6.380795
6.662991
5.926049
6.657286
6.597157
6.240404
6.909297
6.750291
9.574166
6.761029
6.051104
6.331653
7.835821
9.949248
7.473447
8.367970
7.489858
6.707569
7.027735
7.129671
7.945992
6.736342
6.788814
6.023839
6.275785
6.716151
6.422235
7.656206
9.539417
7.191915
6.142812
7.740475
7.634610
7.492574
8.564444
6.707757
8.975043
6.150342
5.922684
6.210430
6.051707
7.292075
6.459813
5.994844
6.610576
6.020770
5.979390
6.524525
6.445234
6.519082
6.313462
6.859990
9.043257
6.218980
7.844385
7.661220
8.415610
6.242033
6.864033
6.260703
6.516360
6.945020
6.200236
6.285463
6.042152
7.346670
6.478392
9.210005
7.792322
12.207871
6.273910
7.594481
7.336881
9.874205
8.024115
7.319352
6.621445
6.233617
6.175806
6.350872
6.854181
7.491700
8.952733
8.105792
7.453349
5.838877
6.268093
6.086575
5.990405
6.288223
6.218535
7.640916
6.715886
6.435476
7.266329
7.898298
7.014662
6.636765
6.112468
7.002554
6.696106
5.976792
6.506642
6.450823
7.022959
8.984268
7.712585
10.894845
7.497125
8.016385
6.514427
7.573513
7.975561
8.230905
6.733014
7.708173
8.694326
5.924131
6.083215
5.953812
6.417204
6.213894
6.339404
6.315112
6.869947
7.666900
6.200552
5.869612
6.203891
6.382743
6.110944
6.495889
6.849144
7.222493
7.582777
6.524042
7.583246
6.194853
5.697193
6.416183
5.861785
5.969419
6.616854
6.244153
7.298962
6.448823
6.275144
6.753664
6.285219
9.230856
6.085757
6.340295
6.590147
7.463257
7.119091
6.998438
8.490907
6.985350
6.224218
6.387252
6.147505
6.283264
6.730387
6.793713
6.039309
30.768199
11.672893
10.087581
10.307017
8.322315
8.383719
10.317571
9.772569
9.629376
10.952414
8.968525
8.338505
5.922178
6.858852
6.717842
6.346092
5.907022
6.253248
6.335853
6.668040
6.094090
6.425422
6.487715
8.059525
10.150350
5.879431
6.145289
6.416610
7.364992
6.052087
6.535718
8.129656
6.120325
5.740868
5.735150
5.629722
6.270742
7.022805
6.089514
6.966995
5.914860
6.619536
7.845512
16.638084
13.724493
6.183975
6.277275
6.801882
6.676631
6.831045
6.147021
6.489341
6.111873
5.988378
6.421540
8.663715
5.947750
6.662268
6.788221
7.706941
6.375273
6.604053
6.701886
6.274568
7.011254
6.078748
6.110742
8.399143
6.592565
6.717786
6.466440
6.016950
6.527022
6.805369
5.917147
6.223659
5.783511
6.097110
7.077861
6.572819
6.445155
5.679974
7.259437
6.105645
6.463139
5.688670
6.054221
10.367485
9.301604
7.342375
7.905569
6.050109
6.526291
6.070145
5.781378
5.962562
6.157501
5.963411
6.939310
8.843245
5.945142
5.959826
6.770408
7.171143
6.242556
5.884727
5.989511
6.494242
8.164763
14.005125
17.719604
6.843532
7.371748
6.729412
6.027234
5.845105
6.158616
6.239886
6.723965
7.069366
6.331556
6.857147
8.133793
8.176575
7.467943
6.417156
6.260464
6.565777
6.316754
6.106640
5.640886
7.296255
7.286396
7.215450
5.973009
6.542786
5.988159
6.541105
6.772822
7.333866
11.803869
8.510122
7.550420
6.350751
7.109251
5.794533
6.973850
6.128731
13.796498
6.428119
5.854260
7.357179
8.096821
5.912469
7.460132
6.061466
6.600216
6.103055
5.955706
6.937387
6.272480
6.389506
6.816464
9.115130
6.745480
5.929374
6.430864
6.007455
9.032550
7.762223
8.409092
7.596767
8.171020
10.577425
7.115016
6.341702
6.209447
6.982469
7.762347
6.433751
6.469169
5.764515
9.971714
9.042362
8.456929
6.330653
5.787710
5.863677
6.806126
7.382462
7.112871
7.758120
5.959380
11.102852
5.925811
6.037902
6.442366
5.962057
6.962084
7.083742
6.905613
7.067949
7.398261
15.391676
10.583855
9.351254
6.466822
9.013917
8.317817
9.174332
6.374890
6.425323
6.929261
6.540701
6.468602
6.249132
5.972686
6.165932
6.361636
6.830837
6.182780
8.415901
7.430149
7.732392
19.736991
7.071025
6.474681
5.945852
6.029086
6.369276
6.672373
7.083411
5.809361
5.932537
5.723221
5.681867
5.767993
6.221341
7.397817
7.282737
6.099504
6.164545
6.680979
6.099583
10.225553
6.841450
5.851350
6.239613
6.214770
6.586788
7.600443
7.245850
5.714569
5.928370
7.643630
6.356974
6.227509
5.932799
8.131782
7.027201
6.579817
6.947425
8.253097
6.297032
6.031222
7.021273
6.541964
9.366755
5.760749
6.180333
6.389430
6.570111
5.808624
6.125830
6.332392
6.097873
6.041229
6.618533
5.955111
6.410159
5.894934
5.828252
6.475429
6.110085
6.556394
6.558703
6.471892
6.680331
6.657190
6.566468
6.814825
6.968008
5.888362
6.051601
5.995245
5.811258
6.770742
6.484840
6.675067
8.191521
7.118648
6.387296
10.684535
11.703310
9.419809
7.333040
5.973825
6.453039
8.286602
12.402742
9.490649
7.326342
6.002284
6.520554
5.712030
5.664477
7.623017
5.930663
6.748083
6.459324
7.374755
5.887862
5.594125
6.361033
6.696016
7.138489
6.176508
6.081412
6.037199
6.394449
6.146945
7.179145
6.036066
6.241874
6.152824
5.917393
14.088735
7.142444
6.089726
6.110617
7.410209
6.825374
7.161916
7.633492
11.241757
7.089553
6.206986
6.047069
5.777649
6.867205
6.711928
6.641037
6.146933
5.854028
8.911078
5.677292
6.067211
8.435750
5.987053
6.764957
6.288310
6.843079
6.644990
5.634232
5.843780
9.538839
7.175940
5.949192
6.460326
7.366679
7.057978
7.333769
5.679659
5.961212
5.704661
5.618226
6.566488
6.695120
6.085841
6.596956
5.904095
6.345776
5.623646
5.846383
6.141267
8.402941
7.269238
7.084430
7.486462
6.970522
9.457533
9.945183
5.758993
5.819011
6.351272
6.603083
5.796784
7.194383
5.823762
6.495783
6.267747
11.389396
10.183823
13.057263
9.008085
5.598849
7.340859
6.381267
6.442484
6.623290
5.883398
6.889244
6.619761
7.078178
6.105497
5.715625
6.035816
7.146329
6.447222
6.044875
6.071838
6.330681
6.788227
7.737530
14.988767
8.657405
8.953520
8.231716
15.961354
14.919476
13.095613
6.936495
5.957822
6.754353
6.071874
6.316952
7.283063
5.924176
6.135136
6.103367
6.222064
5.868895
6.628358
7.032910
8.321798
7.055755
5.691801
6.491107
6.779854
8.485051
7.711397
5.831132
5.708652
5.598277
5.762624
6.089369
5.674165
6.570068
5.733232
5.839268
5.716542
7.676090
8.510823
8.450756
11.050176
8.733290
9.713144
8.601975
8.138954
9.624476
12.660940
8.647591
5.878456
5.807784
5.725152
6.248906
6.004100
5.700196
6.252008
5.888470
5.564116
5.648727
6.135044
6.463255
5.587746
6.642670
7.006509
5.657950
6.637801
6.601578
6.311988
5.849169
6.038510
6.125391
6.135083
6.070559
6.320962
6.864766
6.387966
6.291027
6.877006
5.712316
5.693716
6.858780
7.750900
6.444528
7.759196
6.608371
6.750621
6.644468
6.369192
7.572093
6.330121
6.393004
6.562952
6.286463
5.616775
7.679315
6.155138
7.057483
6.682700
6.256281
5.828931
7.160964
7.039761
7.263545
5.991019
5.745261
6.956929
7.213954
6.502157
5.699077
6.310100
6.868386
6.215106
6.554420
7.513944
6.577786
5.982584
5.851524
7.377669
7.304534
5.793064
7.522915
6.366100
6.364021
6.979267
6.321894
5.974982
6.072351
6.470603
5.789251
5.941821
6.256292
5.929958
5.811046
6.410876
7.610697
6.586128
6.214198
9.853704
5.941610
5.747556
6.603193
5.812498
7.771986
6.957083
6.125817
7.416145
6.935763
7.567421
6.251842
6.073949
5.712907
6.406649
7.655247
5.757996
7.209006
9.117821
5.881296
6.989954
5.850872
5.796815
5.992911
6.481912
6.413463
6.977064
5.826032
6.302512
9.983785
13.284309
15.057155
6.162663
6.350701
5.795236
5.673234
6.441065
5.588891
6.017970
6.696540
14.398164
5.459820
5.724629
6.929538
6.062957
6.393585
6.532050
6.361252
8.225490
6.047022
5.831778
5.757029
5.753209
7.004658
5.546040
5.823865
7.291630
6.798063
5.775115
5.745594
7.648541
5.786119
5.662087
6.891306
6.316580
7.208037
6.271821
6.610848
6.305185
7.097241
6.908635
14.332998
7.059386
7.959912
5.765296
6.889782
10.532189
9.226301
7.042037
6.007391
6.714291
5.678360
5.910541
6.358436
6.967374
6.946160
6.335693
6.792152
5.599964
6.307619
6.601179
11.459634
6.614583
6.143742
5.791847
5.492356
5.703376
5.879402
6.893164
7.029707
6.769035
5.606822
6.074163
6.538628
5.702041
7.204712
6.206612
6.893038
5.485991
5.623362
7.097169
7.283236
6.168480
6.004487
5.724246
5.467732
5.375563
6.200124
5.941982
6.453098
6.845245
5.489790
5.777873
6.562578
8.665125
8.363203
8.705091
6.368657
5.497668
6.141726
6.924692
7.879800
5.817926
6.849642
5.802380
5.621669
5.748112
6.003485
6.861903
6.612106
6.776755
6.237412
5.742844
6.350408
6.346193
6.807713
7.109356
7.211615
6.022963
6.937449
6.901189
7.287294
5.908075
9.140779
5.725436
5.632903
5.557655
5.680740
6.119308
6.468476
6.852789
6.875146
6.363832
6.608798
5.958312
6.661539
6.815794
7.250544
5.859040
6.284332
6.995400
7.538261
6.322969
10.927287
5.603078
5.642213
7.770616
5.934100
7.079956
6.457149
6.796724
9.069042
5.997806
5.773624
5.950158
7.155684
6.634589
6.695450
6.452071
6.405382
7.265993
6.235744
6.216250
5.516781
5.808344
5.587463
5.773402
6.608931
6.527784
9.058806
8.045188
5.828461
6.249519
6.128275
5.881642
6.616628
7.050355
7.130872
5.644359
5.823164
11.732116
7.374359
6.616343
7.352076
5.526354
5.681782
5.478114
6.150683
6.189407
5.959148
6.697911
5.814379
5.631947
6.511064
5.962536
6.450958
6.502269
7.009435
5.884283
8.090920
7.065944
12.840051
6.950783
6.276839
5.562062
5.864388
6.314282
6.242216
5.945274
5.672267
14.465668
5.974508
6.232471
5.939265
6.481678
7.012466
6.600345
6.958066
5.898071
7.093334
5.824057
5.706833
6.981021
10.673892
6.211788
6.352145
5.852508
5.847174
5.851729
6.334594
8.695636
5.816578
5.699810
6.256004
5.403071
6.432902
6.101294
7.243771
5.772448
5.667833
6.935892
6.849627
5.617703
5.649875
5.818744
12.226884
13.502689
8.091342
7.797404
8.564931
6.514582
6.018109
5.745763
5.688422
6.098342
6.328153
6.091414
6.687992
5.662087
6.226130
7.805962
8.953068
5.437440
5.461870
6.160090
6.637402
5.555228
6.545611
6.267264
5.291083
6.165576
6.808892
6.072966
6.287197
6.016798
5.825737
6.999781
6.380245
5.858426
6.386132
5.737960
5.950880
6.283940
5.292369
6.070397
6.798876
5.657919
5.583356
6.303332
5.894375
7.698471
5.678358
5.877346
6.471062
5.947498
5.813493
7.035009
6.637834
6.642449
5.839375
7.009573
6.940597
7.065315
10.079536
6.047579
6.732463
8.805100
8.179846
6.767441
6.063507
7.874893
5.860301
6.039593
9.762837
12.088109
6.768914
6.268402
6.209110
6.211481
7.693635
6.144900
8.691056
8.603484
6.466210
9.473215
8.015900
5.571570
8.458562
6.426885
5.804354
10.022317
6.595351
5.831789
6.362933
5.747965
11.660575
13.040891
6.048815
5.928299
5.811215
5.989246
5.734123
5.992374
6.449368
6.260197
7.895082
5.850336
6.021916
6.453250
5.988946
7.883796
5.976561
5.965749
5.800018
5.795737
6.483880
6.305598
6.066283
6.126817
6.511049
5.577399
5.939513
5.530335
5.978572
5.664071
5.881246
5.569639
5.531442
6.297743
5.917995
5.887432
8.123805
5.450542
5.531489
5.810623
6.011446
7.097808
6.654885
5.745218
5.526146
5.947265
5.789412
5.659056
5.894909
5.508302
5.868014
5.641405
5.774586
6.214181
6.919754
5.455497
5.805219
5.861145
6.364985
5.497910
5.710845
9.382472
5.820698
6.594397
7.888475
5.981540
5.558414
6.007785
5.652901
5.534021
5.769118
5.977642
5.541782
5.714134
6.015238
6.845611
5.612869
5.609805
6.100773
5.569672
7.263575
6.025675
5.513427
5.792908
5.627500
5.540920
5.584482
5.460575
5.398564
5.534323
6.156374
5.547862
7.359921
9.341168
6.537588
6.008382
6.331605
6.071284
6.481364
6.107661
6.287606
5.793334
5.779383
5.912423
5.505678
6.180234
5.478165
5.797563
5.782687
5.979895
6.236723
5.973770
5.974867
5.593702
5.961887
5.991731
11.417365
6.418056
5.751507
5.897107
6.005953
6.061777
6.754917
5.834886
5.787575
5.582621
5.576345
5.939815
5.548709
5.936462
8.878758
5.663808
5.617052
5.652154
6.151494
7.259048
7.529930
6.011594
5.510096
5.758894
5.615208
5.653722
5.476203
5.595725
6.024886
5.498875
5.900196
5.446627
5.370111
5.605126
5.680695
5.851359
5.492841
5.493509
7.839818
6.287351
6.921317
5.632764
5.338872
5.284152
5.426409
5.510308
5.547143
5.783684
5.667468
5.534361
5.655311
5.648229
6.003475
5.463317
5.729219
5.540957
5.525921
5.640187
5.730509
6.499476
6.389819
5.509253
5.933801
5.541501
5.588472
5.693982
5.587487
5.748267
6.477050
5.402914
6.091780
5.567913
5.815604
5.481519
5.674128
5.442414
7.668632
7.750278
5.918456
18.883738
6.074998
5.817911
5.946403
5.866729
5.487600
6.139620
5.941001
5.392316
5.588228
5.767856
5.737383
6.385326
5.997009
5.562389
5.474751
5.494293
5.506962
5.916506
6.140545
6.305905
6.381121
5.677655
5.561769
6.042999
6.090500
6.274670
5.482981
6.957282
5.761490
5.700947
6.223663
5.719908
5.458313
6.143954
7.597559
6.033040
5.687854
5.946607
6.209344
5.804147
6.333720
5.377600
5.699322
5.753930
5.492985
5.602395
5.939335
5.971713
5.923378
5.420238
5.804292
5.965719
5.734688
5.804090
5.663222
6.761925
12.834927
5.941299
5.797928
6.099380
6.336130
6.230403
6.023092
5.795826
5.501679
5.445291
5.936617
6.536531
7.503174
5.489589
5.658554
5.553729
5.880724
5.994379
5.504386
5.714273
8.883204
12.441942
15.779839
7.832891
5.728337
6.145056
5.746993
5.635030
5.692413
5.566351
5.519579
6.379327
5.985540
5.570005
5.530888
5.526112
5.413742
5.404382
5.323551
5.691708
7.223682
7.870983
5.801496
5.320040
5.663016
6.131189
5.766770
5.745131
5.854876
6.599492
6.199795
5.723234
6.140332
5.629293
5.662144
5.670522
5.494228
5.297843
5.455481
5.858998
5.430637
6.021941
6.261700
6.984640
5.810938
6.670327
5.657768
6.029500
5.638460
5.722594
5.807450
5.924228
6.325884
5.645873
5.821367
5.389010
5.866814
5.611475
5.433932
8.128772
5.752074
6.176839
7.767981
6.164853
5.720642
6.703121
5.841424
5.788191
6.223032
6.829666
6.599369
5.605077
6.066947
6.560065
6.290362
5.670375
5.760278
5.440214
5.793028
6.207032
5.775779
5.545548
6.375337
5.372352
5.661372
6.491822
8.036026
6.299600
5.561904
6.412943
6.636637
5.415705
6.027104
6.693606
7.857274
6.450002
6.075902
6.088434
9.787904
10.941152
10.772022
19.572977
13.445210
7.452257
7.974063
11.709112
9.062004
12.082734
8.961552
11.044666
9.940015
9.193648
9.910356
11.090575
12.051399
8.636540
9.263252
6.120806
11.811711
5.788411
8.282568
5.714693
5.466562
7.257393
6.118219
6.880906
5.739495
7.314524
6.839972
6.588339
6.892890
7.086736
6.710006
6.674168
8.270264
12.490022
9.466007
5.715320
5.666896
5.775041
5.704060
6.087633
7.011736
6.412787
5.846194
6.880772
6.425248
6.444788
6.391992
10.791217
10.770727
7.741758
6.988808
8.374411
6.559090
7.988015
8.038507
6.056580
5.616003
5.491738
5.726543
5.846284
5.419867
6.230026
5.402626
5.879825
6.089096
6.935653
6.969757
6.159560
10.252144
7.198331
6.552858
5.623200
5.724973
6.305649
6.614969
5.771421
6.156366
6.093878
5.498808
5.594233
5.246840
9.999897
5.656453
6.295367
5.572214
5.640470
5.884805
5.733003
5.466102
8.198763
6.656626
6.031830
5.327905
6.361695
6.467015
6.716384
8.856141
12.110453
12.530209
16.717736
8.538925
5.653737
7.574253
6.394209
5.326312
5.277970
5.518003
6.174352
5.653950
5.638054
6.038964
5.844941
5.439223
6.375354
6.219652
7.143730
8.559531
5.849771
5.689415
5.734894
8.071274
5.948175
10.805649
6.241942
5.548648
5.454933
5.850149
5.640125
5.496520
7.497221
6.823737
6.266960
6.089917
5.959224
5.887977
5.652832
5.604751
5.829163
5.774265
9.768449
7.934132
5.653527
6.404654
6.214069
5.754743
5.604500
5.638963
5.408959
5.639445
5.341832
7.681100
8.874336
10.934960
8.217063
9.972709
6.840404
6.179604
5.449763
5.639498
7.524729
8.208259
5.604234
6.492780
6.463689
5.954514
5.710503
5.541352
5.440313
5.463438
5.682471
6.247825
5.962513
5.554381
5.629590
7.441482
5.523848
5.552382
6.354407
5.505408
5.861553
10.656310
5.534771
5.815156
6.383011
6.524114
5.825909
5.430413
5.576465
6.203721
5.425175
6.128932
5.840449
5.469869
7.452930
5.333279
5.718333
5.751345
6.137672
5.915377
6.552436
5.879122
5.847339
5.256214
6.031213
6.464918
6.886052
5.563562
5.547385
9.843267
5.693766
5.927804
5.953825
6.072218
5.362181
5.240696
5.718726
5.317532
5.742413
5.758860
6.712674
6.031684
5.751334
5.630998
6.069236
6.126198
5.686633
5.660898
5.754011
6.120577
5.912946
6.220459
6.362140
6.205903
5.851897
5.546599
6.223060
6.503249
5.631717
23.230400
26.353560
20.464915
8.968254
5.379653
10.858615
16.462159
14.038094
6.122875
6.176258
6.323213
5.935654
7.739893
8.380711
8.742293
6.242469
6.686570
5.632919
5.367053
5.398871
5.799701
6.067143
6.071803
6.263600
5.832492
13.556049
7.410774
7.281067
6.255063
6.341514
7.545446
6.217234
6.297053
5.747353
6.440275
5.671782
9.583142
6.102033
5.913645
5.975118
6.018019
10.306100
11.383447
8.385321
6.045447
9.246969
7.954512
6.166617
6.306916
5.951088
6.623174
9.841916
9.801639
10.075821
9.376515
10.204741
10.668877
13.161341
9.788112
8.467771
6.723566
7.152909
12.329000
6.857252
6.592283
9.011911
8.051686
8.242976
6.261560
6.212629
5.753265
5.570492
6.006426
8.166881
11.102579
5.659600
5.446833
5.640740
6.314701
5.739657
5.449006
5.649373
5.948719
5.591991
5.646872
10.245224
6.950294
7.150267
5.356906
5.325840
5.706539
6.080664
6.660173
5.962952
5.482573
5.498056
6.537634
5.925545
6.338863
6.093869
5.558486
5.639565
6.138734
5.834467
6.539239
7.339934
8.585440
12.904048
8.081519
7.556965
5.933485
6.141275
7.278751
5.426504
6.729406
5.581317
6.280637
5.751432
5.906816
5.536251
5.537544
6.476580
5.717126
6.459115
6.188834
5.993411
6.719461
6.237932
6.449841
6.042752
5.964972
6.100549
6.975447
5.780406
5.643683
5.778412
7.209815
5.873732
22.702532
28.713386
8.124501
5.489046
5.449171
5.512039
5.358404
6.716438
9.012575
10.417210
8.024612
6.644314
6.189788
6.099076
5.473732
5.808107
5.623204
5.741772
6.409043
5.778707
5.526592
5.618919
5.907786
6.012893
5.874493
5.787264
5.820055
8.144648
6.407124
5.905919
6.334755
6.377799
6.463341
6.598761
5.795896
5.661078
5.540930
5.660449
8.625288
6.324613
5.388760
5.790683
5.559803
5.384630
5.888140
5.516718
6.893909
10.137052
7.151412
7.991351
6.528736
6.580151
6.290086
6.533718
6.225426
5.756886
6.990337
5.521687
5.735708
6.532049
5.887153
6.058667
7.072075
5.652823
5.612283
5.625687
5.521693
5.752217
6.327047
6.833669
6.207207
8.381337
5.898041
6.152259
6.084159
5.653264
5.191914
5.406161
5.581972
5.756037
5.645704
5.661897
5.539417
5.576029
5.771060
5.974478
5.235173
7.475990
6.005259
5.870577
5.897929
6.397779
6.368986
5.959692
6.081802
5.849009
5.702699
5.595512
5.421128
5.770673
5.571129
5.418410
6.411349
6.064810
5.644643
5.740749
5.623583
7.238045
5.690819
5.762289
6.475084
8.304696
5.678899
6.123953
12.301716
11.390775
15.900122
12.418588
12.460988
12.796989
6.886720
5.979315
6.909589
5.399262
8.499363
5.496822
5.421146
8.108214
5.843837
5.390327
5.962342
10.480738
6.460214
7.092425
5.639945
5.784732
6.226693
6.918790
5.964682
5.907030
5.690114
5.767441
5.771859
5.635055
5.635695
5.972610
5.614928
5.999426
5.524077
5.763875
5.746472
9.251785
11.441217
6.784978
5.811013
6.019879
6.499290
5.606016
5.723464
6.133838
5.469696
5.639226
5.521465
5.340501
5.292277
5.700678
5.583536
5.977074
6.025538
7.845526
7.736616
7.379518
7.177099
7.449868
7.075799
8.662913
8.424055
5.736127
5.779208
5.704213
5.590350
5.543778
6.690564
5.722754
5.746517
5.556088
5.442716
7.341569
5.402621
6.530210
5.705448
5.249935
8.069470
5.928275
5.599394
5.803016
6.394422
5.346974
7.885503
5.641060
5.324628
5.617024
6.246500
5.561181
5.979552
6.135925
5.672489
6.490472
6.833373
6.184409
6.205452
6.067874
6.494985
5.950914
8.915468
8.964093
6.436412
6.138587
5.682622
5.680195
5.373487
5.600059
6.109246
5.323332
6.586952
5.778268
6.106038
9.698024
7.405309
5.822549
5.864562
5.363237
6.978312
5.923031
6.112415
5.671780
5.777483
5.285613
5.496375
5.542141
5.444694
5.563317
5.518690
5.880750
5.361600
5.642980
5.907848
6.488387
6.987891
6.486764
5.962414
5.500536
7.340136
6.174366
5.756365
5.236468
6.098318
5.579828
5.380943
5.794455
5.689214
5.385039
5.754811
8.331690
5.438925
5.427936
5.809433
7.711547
5.935128
6.210355
6.239940
7.311198
5.730841
6.123271
5.529356
5.472440
6.104318
6.171970
10.759699
5.920100
5.776397
5.402481
5.643090
5.336607
5.739856
5.592267
5.459992
6.529891
6.619106
6.829167
6.542084
6.143892
5.517741
6.497218
6.180572
5.809832
6.595881
6.241731
5.653377
6.338518
5.678384
5.564336
6.484557
5.996572
5.558676
5.882344
5.539412
5.985575
10.561031
8.918327
6.150839
7.597802
11.242972
13.455158
12.527878
13.650251
11.285732
10.871754
8.606344
6.443345
6.555534
6.533227
9.351939
5.440861
5.479240
5.442524
5.400281
5.263621
5.981976
5.828824
6.525454
8.995388
5.078782
5.277469
5.472150
5.449103
6.035461
6.079346
5.892715
5.205092
5.774961
5.647014
5.550624
6.004458
5.207262
5.787321
5.262895
5.343217
6.414846
5.462274
6.328711
5.324743
5.688066
6.703214
5.884585
5.909504
6.044898
10.522612
6.073112
5.927781
5.516555
5.503253
5.590067
5.301179
5.769010