169.593879
219.198287
268.412010
345.768161
88.707575
55.423962
120.183459
80.243775
59.312943
40.117514
45.538180
53.134131
124.116011
88.088563
71.753057
7.274608
7.296141
6.503566
111.221927
56.845762
17.405260
19.674536
20.501149
20.871935
27.958916
42.769688
47.340965
15.610853
17.068697
17.039510
73.136776
76.596134
8.680102
22.418378
39.268211
7.123366
7.720677
6.577656
15.948280
28.144792
7.087244
8.273341
10.647969
8.606538
10.510951
9.716607
13.068253
16.993562
9.029439
13.513799
8.179362
7.840069
17.092998
12.452523
9.475468
7.030431
8.413145
6.842674
7.662315
15.197492
6.924465
7.069004
11.559608
12.138390
17.779631
12.950378
14.077685
53.609340
53.143477
57.434115
7.584715
13.377017
12.959945
20.471054
44.157509
6.644449
9.527685
6.405687
15.340432
12.992207
8.462735
8.224010
6.380591
6.633662
6.723653
9.486712
9.354676
6.762228
8.613291
10.251285
6.254801
9.487264
10.896738
9.340452
6.088066
7.184236
7.135486
8.289448
9.397474
10.781475
6.628171
11.177479
8.289730
7.608872
9.419292
7.649694
8.162568
6.887383
8.029574
6.180953
5.855106
11.560532
11.560622
9.542048
6.767755
8.561504
7.453200
6.730693
7.460825
10.226827
7.618680
7.692992
7.101791
8.053255
7.055555
7.777541
9.299215
6.732986
9.543066
9.204809
5.772713
7.573456
13.884880
7.870684
6.519401
6.886496
6.429833
10.357127
12.547127
12.308505
7.346825
11.810975
15.656851
9.163279
21.893738
8.763912
10.272856
8.007913
9.542015
18.356692
19.607838
12.663858
16.521116
10.828230
9.881342
8.815128
10.535048
6.068363
7.068374
7.330122
6.267822
6.240128
6.475429
10.955576
9.456229
6.432288
6.259666
6.194957
6.952482
6.952514
10.654662
8.267505
6.967915
10.985469
7.563400
6.105012
6.611374
6.154514
8.648316
7.523523
6.173067
6.315975
6.870778
8.981198
14.585934
8.731894
6.298020
6.089407
8.006830
14.425229
6.058057
7.639745
8.959184
11.315677
6.362290
5.878183
5.890433
6.764997
6.454928
6.463451
6.478223
6.599275
5.909261
7.457083
6.972461
8.195596
8.768236
6.052947
6.139707
6.821293
6.635838
8.243431
6.092263
7.454421
7.803680
5.959028
6.118025
6.249730
7.872524
6.060540
6.146333
6.786793
6.227991
7.497891
7.525334
11.108042
8.779833
6.481849
7.406456
8.893687
10.344228
7.012999
7.765559
7.048080
15.195587
6.303546
6.784775
6.238781
8.405404
13.189108
7.362858
7.239447
6.077546
7.005350
8.971928
10.996645
15.206887
9.886783
8.262381
8.872048
10.092012
8.072878
8.148352
6.624001
12.570320
6.151300
6.661437
6.358653
6.520191
9.271913
6.797454
7.339925
5.912392
7.752471
11.194069
9.864311
8.362044
7.836635
6.271545
6.636423
6.548065
6.420756
6.572557
6.004580
6.793716
5.767603
6.414076
6.121435
6.991838
8.560026
6.994343
6.996146
6.419040
6.692143
6.924509
6.292305
6.673700
6.156138
6.396371
7.184649
5.933257
8.128049
8.116703
6.439261
6.586050
6.131597
6.567659
5.774603
7.336650
6.700043
6.336875
6.878615
6.794258
7.092195
7.090086
7.031858
6.242795
6.246674
6.798948
6.233929
6.277231
6.968873
9.254404
6.987067
7.201449
5.950698
6.493497
5.938960
6.186518
6.571989
7.817350
7.656233
9.383659
8.629924
9.085494
13.576653
11.818476
7.680270
8.529146
10.371986
10.145092
6.700901
7.178491
6.111898
6.296895
6.007684
6.371895
9.334530
8.681743
9.997127
7.593812
7.976487
9.065407
7.099176
7.468747
7.244920
7.483518
7.283520
6.236634
8.040218
6.386964
6.483499
6.469852
6.717922
10.561180
6.987989
6.880093
5.978075
5.979633
8.425692
8.496205
7.366434
6.530149
5.871340
7.356871
6.694760
14.041975
5.815093
6.059698
5.891303
7.865537
6.277760
6.217723
6.495579
6.043237
6.013833
5.997172
5.940593
6.057796
7.252138
6.938788
8.669468
7.908515
9.669821
10.222309
9.288788
8.344425
6.451808
6.647948
6.543594
6.455104
6.771543
7.219636
6.237733
7.026708
6.152583
7.042600
6.125735
6.221741
6.450891
7.486961
7.448174
6.522882
6.007731
7.459491
6.289671
7.643733
6.509994
6.342190
6.000762
6.221543
6.837684
7.325688
7.958641
6.396701
6.507495
6.587580
5.673938
9.813777
9.355165
6.028014
8.621700
7.295527
6.954227
6.752989
6.536603
6.359134
6.965489
6.322018
6.142121
6.501676
7.095320
6.425402
6.342392
8.187282
6.075238
6.068113
5.789036
5.591447
7.874506
6.154167
7.125814
7.258914
6.416931
7.489919
7.019119
6.425788
6.943530
6.719822
6.543257
6.776253
7.129789
6.146910
6.203346
6.330471
6.002603
6.161040
6.457430
5.774260
6.609378
5.778401
8.179428
7.426575
7.342280
6.535545
8.907628
10.909088
9.055162
10.203294
11.175431
12.638055
6.309631
6.263267
6.984542
5.850143
6.189060
6.074588
6.056680
5.982629
9.766376
6.280436
8.321231
8.288848
6.389192
6.463131
6.424854
7.253615
7.337410
6.293739
5.469011
5.546024
6.275976
6.655220
6.523956
6.917024
5.855187
5.918377
6.437632
6.198137
6.196464
5.842780
6.351302
7.951674
5.869020
6.653779
5.874118
7.287705
7.141315
6.500620
6.409066
6.643896
7.493596
11.075034
10.660700
8.106829
6.359608
6.118901
6.335266
6.502119
6.192220
5.696455
11.403843
15.176889
6.947915
6.047120
8.060686
8.661210
7.201958
6.138743
6.089566
5.940979
6.898623
7.550223
6.621836
5.763601
9.034025
13.168819
7.555959
7.558049
6.738129
14.556566
6.054493
6.301220
8.280759
6.769974
7.618159
5.857653
7.705062
6.323001
6.328592
6.649860
8.369780
8.129900
7.681873
10.019666
8.015339
5.938139
7.108483
10.250365
6.143365
6.045049
5.736193
6.179559
6.517532
7.675751
7.160545
6.956080
6.639883
6.426680
6.235218
5.975198
6.421633
6.666375
7.053408
6.826621
6.833570
7.506053
5.938166
8.209332
6.650190
6.285737
6.465347
6.046429
7.386584
7.053824
6.815584
6.266038
6.908083
5.784558
6.871668
6.364694
6.832825
6.645575
7.137371
6.069970
7.378836
7.047806
5.519402
7.676113
6.527263
7.077382
6.093225
5.834636
6.715756
6.539722
7.751162
7.010859
7.416809
6.936928
6.348780
6.278348
7.078393
7.508029
8.944901
6.315464
8.757581
6.103060
5.564361
6.934361
6.723725
5.914908
8.119402
6.806076
6.227319
7.103980
7.321576
7.894340
6.486220
6.170406
10.274726
6.956315
6.524757
7.838930
6.764636
6.834311
9.705144
6.499240
5.921630
6.428810
14.471657
6.446213
6.805954
6.320333
6.854102
7.414499
7.607973
10.040139
8.630921
6.938284
6.658618
7.604085
5.976157
9.281884
6.544025
6.828579
9.975919
5.887041
5.836340
6.896896
6.251163
5.864192
5.939651
6.298497
5.814706
6.032933
6.550286
5.747719
9.455083
10.176222
10.362602
11.978892
13.073030
9.990357
9.283315
7.150849
7.781039
6.297136
6.746415
6.801651
6.267873
5.605488
6.051036
7.535872
6.393543
6.043960
6.002455
5.829352
6.493204
7.297839
5.863317
6.407492
6.869290
7.823112
6.401001
6.759708
8.674206
6.803622
5.912654
6.732992
6.146436
5.701771
5.695235
5.819904
6.048839
6.201299
5.925835
5.686200
7.063352
6.476496
6.233809
6.629194
6.472795
7.301539
5.867083
6.626929
11.655732
7.141410
5.807135
7.864308
7.681961
5.854254
7.526375
5.602258
6.420448
6.601616
6.435830
5.782865
6.827048
6.462301
6.581790
8.205218
16.915068
11.687444
24.471855
15.339160
12.480096
11.454771
7.250416
6.207808
7.164674
8.000083
8.969247
6.725988
6.318665
6.028965
6.698292
6.022788
6.486341
6.614540
5.997273
5.839737
8.085346
5.857128
6.653877
5.770986
5.779889
7.861389
6.293055
8.330795
7.290157
6.103822
7.005066
7.626277
5.544735
6.214680
6.836005
6.163518
6.270837
15.719282
13.418459
9.867037
7.670854
9.694184
6.417998
5.893863
5.457982
7.211284
5.918837
6.791779
5.962119
5.690726
5.609215
5.983920
6.136965
6.040609
6.185327
6.550965
6.627390
6.329977
6.352281
6.910066
6.206160
7.794017
14.322000
12.383641
6.020259
7.245782
27.237949
12.538660
7.375592
5.998728
5.822251
5.885273
6.080624
6.051946
6.208445
6.115967
7.078695
6.037629
7.372926
5.950144
5.946611
6.821876
5.843072
5.731643
5.925289
7.402824
5.594730
5.872159
5.832605
6.403527
7.983024
6.723405
5.916080
6.420803
10.021370
6.504373
5.719454
6.445018
7.350564
6.801491
6.064668
6.472703
6.304053
5.898660
5.471683
5.871851
5.680379
6.293191
6.942841
5.547721
5.982949
6.785710
6.158993
5.767023
5.610103
10.529192
5.881966
8.112647
8.747105
12.191193
5.901386
6.773491
6.168131
6.233908
5.804100
6.037483
5.886323
6.256237
6.722155
5.861157
5.614172
7.750476
5.713422
6.440241
8.961834
8.419708
7.397238
9.329268
11.438012
14.993654
10.739599
7.324546
9.008000
8.789517
5.653858
6.149254
5.752230
5.601860
8.038558
5.752718
6.083302
7.313667
5.898487
5.958391
7.498761
10.545740
7.229988
6.142319
6.287634
6.309625
6.317700
6.896936
5.894942
5.979424
5.931286
6.596479
8.522013
6.348547
7.913837
6.285221
5.544332
5.704851
6.863046
5.744276
6.268752
6.200230
5.787100
7.908026
8.189181
5.272827
5.458907
6.464829
5.625069
6.603983
5.633053
6.058522
5.683974
6.315116
7.587897
5.344002
5.711522
5.571201
5.854702
6.014318
10.041660
10.778144
12.563611
23.154154
45.477206
21.304572
86.610227
52.944620
39.493353
36.936430
7.457666
7.860868
5.527920
5.810332
6.627425
5.996956
7.499207
6.317242
5.870925
5.654094
6.730567
6.526715
6.239458
6.001221
6.086133
6.530286
6.155536
6.773953
5.849471
5.812422
6.594630
6.270039
5.506099
6.952223
8.090917
5.985299
5.642238
5.634111
6.538727
6.295783
7.566447
12.602928
5.536071
5.511182
6.433787
6.574710
6.269856
8.140353
7.873552
5.639436
6.850069
6.099733
5.767243
6.335661
5.363307
5.353406
5.959973
5.423101
5.935485
5.779426
5.764353
10.566324
6.026804
6.010798
6.853435
6.695664
5.588681
6.103558
6.590031
5.765220
6.450146
7.348801
5.560935
5.490956
5.351757
5.643540
6.705510
5.923191
5.831680
5.729288
5.753406
6.022550
6.059648
5.776734
5.820723
6.262516
5.646785
5.646447
6.052113
5.455850
6.666127
5.792545
5.968253
5.853169
5.538123
7.770176
6.164533
5.922455
8.669886
7.300880
6.637308
7.581701
6.978215
5.669571
6.082872
6.598031
5.509054
5.980084
5.794763
5.503692
6.232080
20.184867
5.576038
5.694536
5.402315
5.694577
6.396913
5.754142
5.975000
6.031554
5.631530
6.476023
6.174332
5.501595
6.042069
5.978092
5.665981
5.605494
5.846236
5.710604
6.466044
5.750855
5.977962
6.162649
5.668855
5.893523
6.395179
5.982380
6.849786
5.688898
6.020352
6.191699
5.920312
5.612362
11.009510
16.110696
7.256779
8.716413
11.659985
13.294271
6.599230
6.118904
6.045380
6.126735
5.663770
6.862422
6.016557
6.039050
6.326675
6.238893
5.641324
5.794988
7.610469
5.982604
7.165915
5.867665
6.390653
5.582150
6.206506
5.780020
6.829477
5.860881
5.847487
6.466019
5.557030
5.552008
6.482884
10.330247
5.964387
5.594189
5.535840
6.141741
7.158098
6.305260
5.926532
5.581907
6.164849
5.992291
5.687025
5.995134
5.717496
5.412174
5.416503
6.179367
6.814113
10.470467
9.499403
9.966953
11.742572
8.791686
21.800094
18.832292
12.801782
8.671822
7.083215
7.248258
6.796666
7.523711
7.267142
7.085653
9.168542
6.968044
5.927738
6.434561
5.875975
5.614709
5.394490
6.083476
6.042927
7.005841
5.911323
6.176376
7.266440
5.486048
6.363844
5.758541
6.017732
5.798695
5.612846
5.460648
5.775507
5.756137
5.431683
5.436946
5.267902
5.339624
5.423231
6.618894
5.891312
7.953901
6.005788
6.720944
7.912063
5.685898
6.020997
5.815734
8.118246
8.029478
7.280562
9.246688
5.799034
5.931777
5.595892
5.996868
6.379072
5.618998
5.452958
6.359572
5.468922
6.228931
5.593733
5.687694
13.262888
5.948307
7.079213
7.182192
8.507437
5.954196
8.029821
10.103486
7.776340
5.824007
5.570685
5.787553
6.831787
6.824033
6.415182
7.198543
6.016553
7.057033
5.471433
5.759832
5.799988
6.570222
5.749167
5.973373
6.806074
5.783258
8.015102
7.189974
6.991633
5.996140
5.511420
6.074169
8.537666
8.729238
9.292188
8.128956
6.699833
8.000805
5.954298
7.942469
6.864886
5.746985
5.745083
6.700377
7.940373
12.964459
7.838891
10.639726
5.448601
7.972653
5.601702
6.373097
5.655074
5.890334
7.921021
6.169532
5.911917
5.356456
6.490452
6.816794
15.808144
11.060713
8.241530
11.342377
11.146339
10.406961
11.765723
15.597340
13.391040
5.978767
5.972939
6.385016
5.908654
5.761205
6.117862
7.038242
6.197091
5.463858
5.698950
5.671883
5.876808
6.555531
6.282176
7.531978
7.084086
8.811631
11.442072
11.499284
18.866574
11.990945
5.477617
6.274513
5.672053
5.895668
6.036948
6.697108
5.379909
5.851659
5.964582
5.999810
6.176721
5.490638
5.566912
6.035496
5.463318
5.544795
6.267281
6.971161
5.714941
5.427483
10.526617
6.093889
5.642392
5.629645
5.679342
6.938486
5.557085
5.683683
5.920139
5.475728
9.262118
6.349957
5.705659
6.995284
5.532458
5.753030
5.711558
6.111421
6.073655
5.501786
5.531961
6.364008
8.399066
16.089957
14.473273
11.726038
10.881441
10.670750
8.458787
9.638997
7.586100
7.912920
7.305301
6.391713
5.600205
6.003404
7.062864
6.622909
6.225531
6.000557
5.821475
6.219078
5.430916
5.930596
6.631023
6.223783
5.868641
5.647042
5.780176
5.317303
6.478209
5.545190
5.763373
5.566681
8.753015
10.042318
5.537838
6.194473
6.102423
6.377063
6.401826
6.355754
5.702581
7.363297
12.246310
8.679339
6.835683
7.003010
6.642237
8.320185
5.838196
5.696504
5.724189
6.333374
5.626865
5.591760
5.826020
5.834316
5.364054
5.875329
9.533383
6.306874
6.143497
5.607452
5.791040
5.591554
5.511659
6.645279
6.018352
8.753082
5.947031
5.780598
5.764089
6.370359
10.241111
9.723842
6.608652
6.081800
5.459097
5.428832
7.498227
5.681458
5.670301
5.567942
5.561751
5.494407
5.606639
5.668722
5.527162
6.298435
5.724953
6.140510
5.547276
6.692961
5.731499
5.941377
6.787107
6.105096
5.411826
5.434777
5.551179
5.883771
5.456437
7.502790
7.519624
5.705091
5.837008
6.114223
5.611120
6.025491
5.483195
5.695223
5.628071
5.453648
6.145108
5.933577
6.150275
5.903823
5.399219
5.374763
5.876182
5.577650
6.461537
5.466709
5.722826
5.455133
5.642699
6.252822
17.646737
11.554477
11.834084
6.432723
5.725473
5.652091
6.061036
5.938335
6.126250
5.679650
5.305317
5.841077
7.773406
5.620043
5.755815
6.779301
8.984090
7.875096
8.006139
5.969555
9.079595
6.951633
6.879038
5.487329
5.823729
5.683641
6.280000
7.802422
14.658766
20.678767
21.690875
10.174152
6.002710
5.729597
5.870439
7.808406
8.602222
10.867226
5.787824
5.623738
5.511218
5.828613
5.590816
5.520585
6.970913
7.951535
5.863616
5.662151
5.235763
7.882467
7.192933
5.803032
6.510878
5.365795
5.967670
6.086219
6.218760
5.542855
5.584433
5.729408
5.837072
5.827623
6.083397
5.818727
9.764298
7.985705
5.630911
6.039779
5.599511
5.998226
7.365939
5.956719
11.495668
7.449056
7.777811
10.053282
7.033400
16.771516
8.516543
6.999845
7.138534
7.086513
6.002794
5.910657
6.399212
9.874555
6.154896
5.616663
5.453614
5.655372
5.767159
6.002696
5.939742
5.696254
5.822158
5.809245
5.552853
5.650931
6.131106
5.459165
5.379129
5.229179
5.491062
5.387430
7.186024
7.472961
6.049518
7.596845
5.909729
5.282888
5.825179
6.156705
5.576969
5.557704
5.627443
5.897691
5.516559
5.733773
8.921651
6.310469
7.078258
7.548349
8.253757
7.885252
7.860997
7.609023
5.644356
5.570817
5.637549
8.453921
6.419321
6.064123
6.026617
7.233515
5.658327
12.365454
10.619562
8.858289
5.719655
8.191928
6.468285
6.952734
5.996019
6.805081
5.844781
6.248192
5.816142
6.955085
6.046095
6.513084
10.047449
5.447878
5.617241
6.055775
5.942370
6.136063
8.461719
9.387310
5.897041
5.801854
5.919327
6.073627
5.311933
5.355907
6.100679
6.700432
5.667801
5.638702
5.590804
6.110456
7.809964
5.351021
5.661320
5.526902
5.482729
8.735997
8.780995
11.482395
9.463605
9.656664
7.910708
9.870312
7.149580
12.147352
10.514190
8.568467
6.829643
7.883320
6.860651
10.024709
13.110673
15.304408
8.932751
11.368951
9.945886
5.679057
5.545917
5.841511
8.854247
9.564999
7.108024
6.707046
6.389790
5.679693
6.089820
6.323852
7.330593
7.463863
5.931150
6.385376
5.712827
6.539680
5.616137
6.073295
7.675084
5.742628
7.006277
6.651642
6.048077
6.031523
5.534853
5.794441
10.139864
8.870193
5.961545
7.077896
10.893958
11.880733
8.343871
7.608617
8.833386
8.423167
6.408017
6.321941
6.477037
5.749921
5.491140
5.565333
5.656621
8.175605
5.763598
5.575028
6.229097
5.985107
5.844931
5.736825
5.421196
5.642973
5.528366
5.957042
5.571378
6.322490
6.497934
6.529002
11.582125
6.261194
7.125675
6.658176
5.579988
5.706807
5.659594
5.893542
6.035636
7.843878
5.935711
5.904273
5.692801
6.394496
5.469894
5.750878
5.628902
5.964103
7.134355
5.732280
7.178716
6.893614
6.691592
6.217685
10.447132
9.370976
5.514058
5.565742
5.906632
7.154256
5.687035
5.501571
5.804123
5.841301
5.751473
5.930145
5.625228
6.090217
7.038343
6.681401
5.469303
6.101817
6.095084
6.106841
6.506652
5.552160
5.299593
5.412633
5.644971
5.842074
6.075458
6.065128
6.018120
7.098917
6.412696
6.397368
6.591352
7.561095
5.627995
5.604711
6.382928
5.721953
5.618642
5.543764
5.955882
5.621305
5.517878
5.890130
5.812870
5.803451
6.244425
6.708236
6.266297
7.550498
7.054120
6.085431
9.152957
7.786510
5.557046
6.982762
6.882560
5.982705
20.697905
22.212223
6.848780
5.836571
6.326445
8.097465
6.777460
5.476900
5.784126
5.862206
5.655429
5.569091
5.994786
8.050167
5.554950
5.701825
9.776528
5.496953
5.543820
8.247842
8.275614
5.980400
6.352671
5.453210
5.787178
5.888108
5.728604
5.612853
5.738355
5.672679
5.694358
6.173605
6.113303
5.617222
5.960609
5.784797
10.185127
5.748348
6.092898
5.625613
7.168258
6.157392
7.549571
5.916878
5.995626
5.831723
5.428083
5.632349
5.511621
5.210171
5.756014
5.812147
5.411607
5.613916
6.154361
6.212101
9.196072
5.539718
7.440067
5.723766
5.864233
6.032539
5.303806
5.727701
5.597702
6.109779
5.720478
5.425541
5.479728
5.466705
5.852761
5.455320
5.452190
5.951745
5.835961
5.562296
7.903382
5.478777
6.124596
5.953496
8.281514
5.844531
5.378954
7.402582
5.689248
5.642400
5.477549
5.360712
5.422875
5.788178
6.099117
7.233555
5.671167
7.780612
7.434226
8.846405
9.485699
5.823588
6.853060
5.727433
6.514752
9.011839
7.333975
6.123867
6.021901
5.836846
7.703905
7.110569
5.903273
6.063928
7.317351
8.276249
5.613038
5.636247
6.865195
6.117485
15.032898
5.804405
6.255003
5.473348
5.437926
6.321364
8.386317
6.506538
6.017696
8.173834
6.275879
6.071293
5.740741
6.005400
6.500153
6.013441
6.090280
5.683207
5.511765
5.719593
8.603357
10.489368
10.847593
6.760122
6.209188
11.157183
7.825039
7.830083
9.028420
7.887928
6.197004
6.233811
5.639196
5.686395
5.966348
6.292690
6.056266
5.658431
5.252187
5.738383
12.911029
5.783677
5.673336
6.054337
5.415176
9.060568
6.625850
6.232446
5.805963
6.010775
5.869270
5.606612
5.731598
5.603819
6.051869
6.022778
5.616714
5.616014
5.766141
5.917085
6.202454
5.734296
5.706668
5.662623
5.288040
5.408637
5.805443
6.160593
5.454433
5.435106
5.514323
5.652234
5.563956
5.270285
5.542845
5.743648
5.708274
6.238188
6.314670
7.565053
6.399875
5.810921
5.523707
5.855933
6.653747
5.611747
6.075803
6.718863
5.781792
5.559502
5.716108
5.697169
6.969564
6.026991
5.553013
5.893814
5.560359
5.995565
6.379123
5.922356
6.155475
6.047751
5.502555
6.088639
5.556362
5.440807
6.061212
5.942448
5.910266
5.712133
5.573526
5.594015
5.565482
6.028692
5.587992
5.462312
5.694146
6.273512
5.923847
5.995040
6.418556
5.687479
5.361146
6.409091
6.033525
5.370277
5.873933
6.305793
6.134268
5.633177
5.755543
5.804560
5.640265
5.493388
5.695170
5.559981
5.618668
5.505240
5.848255
5.832324
5.875090
5.950150
5.953664
5.995866
5.615073
5.541678
6.591310
6.138986
6.228514
5.422451
5.824288
5.410205
6.046616
5.820729
6.026256
5.241895
5.721784
5.620700
5.648200
5.429861
5.986325
5.634234
9.131861
6.610776
5.371119
7.133029
9.664844
5.843627
6.140945
9.065691
5.900818
5.642135
6.056385
7.419218
5.721434
5.388849
5.754979
5.588959
5.938842
5.920304
5.742654
5.705661
5.368169
5.686092
5.420131
5.518684
6.091064
6.467816
6.611306
5.193062
5.923217
5.526371
5.522072
7.384646
7.498431
8.660505
5.778606
5.749328
5.887649
5.547995
6.079370
5.913100
5.529407
5.537721
6.670635
5.716223
6.510393
6.254999
7.445532
5.573161
5.462189
5.897928
5.634841
5.606749
6.027528
5.552323
6.094154
6.114776
5.822979
6.648858
6.618945
5.843696
10.192830
5.538020
6.066371
5.587025
5.736891
6.119811
5.806561
5.916898
5.576971
5.469102
5.711401
5.372796
5.752059
5.611008
6.238464
5.412957
5.483263
5.695441
6.126212
5.595287
5.698420
5.626477
5.340969
5.698832
5.817936
6.046420
5.987605
5.489264
5.693112
5.394347
5.197632
5.433339
6.178546
6.817745
5.367972
5.986176
6.347645
5.401411
5.785325
5.673452
5.579546
5.475250
6.080984
5.790330
6.547552
6.405247
5.693378
5.966039
5.678018
5.739092
5.820282
5.767697
6.210502
6.779337
7.266232
6.132723
6.512040
5.815088
9.473705
6.575398
5.896492
5.172850
6.051734
5.784510
6.022789
7.318662
6.236952
5.730900
6.251984
5.696138
5.599131
6.122333
5.666690
6.900317
5.502103
6.043442
6.284783
5.483333
7.219200
6.275404
5.771720
5.602056
5.744675
5.593093
6.181865
6.312226
6.078890
5.371023
6.265158
6.290647
5.925361
6.021462
6.189921
6.713497
7.420106
6.443170
8.563924
5.693066
6.127048
5.526903
6.251117
11.402883
6.522664
5.862105
5.843548
5.979066
6.278464
5.706601
5.815389
5.877559
7.133044
8.208177
7.155187
7.092987
5.650071
6.063567
5.309080
5.297027
5.576575
5.418006
5.538281
6.007323
8.974307
5.399261
6.539669
5.999676
5.976563
5.587815
5.419657
5.825987
5.349967
10.152582
5.708686
5.248306
5.452358
5.510476
5.840921
5.567859
5.706103
6.714756
5.526214
6.366827
6.291395
5.528182
8.064711
5.743602
6.154626
6.130837
5.571764
5.924872
5.762369
5.693420
5.986332
5.487587
5.389893
6.036883
6.539815
5.986065
5.623760
9.349854
5.553287
6.105061
7.689486
5.251646
6.251728
7.390068
5.963099
5.920450
5.568908
5.505236
5.519596
5.521740
5.277175
5.715776
5.533270
5.402735
5.411721
5.427736
5.553864
10.433776
5.493491
6.370390
5.971522
5.525866
6.221831
6.602316
6.486308
6.313586
5.596576
5.921820
5.706685
5.572845
5.774800
5.979935
5.289015
5.458964
5.197286
5.805702
5.744183
12.747299
10.595703
6.153593
5.931156
5.679461
6.061960
6.483564
6.244940
5.986973
5.311676
5.499224
5.597221
5.453499
5.868750
5.603202
6.021493
5.733394
6.288099
5.896516
5.492884
5.485861
5.434943
5.788964
6.027735
6.044441
6.036731
5.922239
6.336800
6.008760
5.570062
5.767364
5.452689
5.664681
5.325351
6.203677
5.347554
5.317461
5.287713
5.368503
5.292017
5.621963
5.567561
5.612315
5.954696
5.811105
6.145379
8.862658
10.010889
9.864288
5.392402
5.378147
5.708827
6.223370
5.543366
6.060024
6.049084
5.404908
5.997555
5.521272
5.525124