427.908127
95.178851
736.605166
593.170071
743.065444
739.134506
356.607338
460.509812
371.193306
568.515658
320.179976
562.498572
871.839320
705.893951
618.394259
608.702129
347.767246
564.435210
381.464791
425.095138
270.077945
350.894486
304.721340
306.472850
309.680456
290.399894
379.069677
195.375957
383.547696
200.785834
314.612464
205.701039
383.957886
386.870114
200.135762
197.773811
192.199789
403.717595
395.938244
280.214932
289.894129
221.358891
283.212977
298.628914
209.232090
214.620319
216.298061
376.294136
284.255321
303.718820
305.914927
297.228273
365.892486
307.619005
223.648239
221.866788
323.986182
375.799026
203.567376
215.619568
186.652047
197.234695
292.395055
204.645052
116.576899
288.132895
184.340551
281.649017
109.924909
278.819365
298.235884
296.270649
182.788331
179.733638
195.176618
297.340314
278.924635
280.768115
298.293090
292.486959
184.526023
203.547917
294.457040
320.225733
381.540197
299.637017
301.676372
294.251832
313.230679
383.391781
306.719581
291.894725
316.813573
296.987764
395.065130
316.749530
389.099168
190.688808
398.702582
407.412080
302.344176
297.084285
283.053884
218.051121
291.076702
284.900634
383.357645
211.397963
319.592058
215.388242
274.458479
390.407910
294.025091
212.587353
298.963934
280.972585
211.786024
272.591514
305.423320
302.694650
203.289678
296.975806
123.315166
190.600034
298.350671
188.911850
302.472182
274.587867
302.402643
205.921331
302.277108
212.792469
302.164665
207.941691
305.150257
282.422777
208.491902
310.041429
205.893527
201.927850
216.412121
102.598765
96.082266
81.598610
13.857308
92.348467
264.919822
95.790372
93.434964
206.632113
106.978972
281.721237
84.164622
15.794508
109.253472
88.607290
182.592705
87.203236
184.946882
204.561478
269.295887
182.877943
188.215137
217.484905
201.094890
283.755331
207.633531
201.475175
210.130623
276.581173
193.134179
277.635840
214.923330
114.550268
114.552336
111.131240
289.106972
377.013914
314.406791
278.088321
190.430604
200.234285
120.261421
95.431690
102.580439
199.081883
200.777532
104.398696
207.216495
106.709330
177.170873
182.123266
300.303194
291.617657
280.714630
195.081731
117.554862
202.851117
187.541190
207.159110
297.004439
390.846927
386.189585
382.635396
395.226125
308.576817
400.339980
318.780228
311.168406
404.051418
318.388074
404.863895
381.970320
297.802884
398.557925
396.441207
412.683050
478.627310
410.353674
399.757533
185.341664
104.716905
104.355165
98.989512
103.286445
94.943522
180.524560
172.423941
87.308089
108.710383
110.103447
174.974437
97.113688
12.847398
176.544221
107.098850
9.010784
174.591137
79.703018
88.292837
102.339754
107.202147
178.768534
105.764616
176.023231
106.677501
203.975763
192.298807
185.011328
196.634769
197.945273
205.353186
209.103633
274.987236
207.995751
286.846384
291.591974
210.034046
223.878634
216.001973
277.268576
392.150163
276.676254
317.184408
211.151007
305.437155
298.693536
299.354740
194.986440
299.928997
303.391375
197.410170
375.607224
292.898233
101.185294
291.214057
176.698355
216.854623
293.054321
76.075470
99.270156
6.620018
25.409910
76.545731
82.496988
10.971028
84.432243
10.611752
86.351149
91.517879
85.609460
14.727754
18.947805
94.352881
102.147352
12.516632
100.674097
104.204732
110.703574
194.878241
197.557563
201.224514
202.414713
193.828218
303.291793
371.237420
191.178296
116.259452
196.403130
185.835018
307.840815
173.944871
192.009110
392.278099
187.354403
398.125615
109.186040
408.091355
477.518018
400.838813
100.028197
112.655180
184.422381
108.163416
116.048328
295.076049
104.975721
290.566459
100.811527
286.513433
291.618393
107.043115
210.957864
104.309729
199.529128
204.420707
286.094695
291.880891
227.149717
109.704073
221.848289
88.845580
107.739868
285.187376
112.672957
186.082355
299.285138
282.261806
293.077063
116.414568
172.266147
295.260897
301.420357
302.834573
301.513120
298.360563
171.312791
299.793534
226.594259
385.859699
188.255391
120.313509
109.016497
104.805678
114.031446
295.725798
293.647181
210.507146
198.094956
103.132594
114.058580
277.629901
106.535926
95.011885
93.387290
97.882587
280.621280
87.100125
287.224738
118.347422
102.484527
103.640421
97.990458
105.694520
107.545986
101.059790
191.285898
98.271873
94.413105
192.641347
101.405996
198.540189
86.033005
15.992109
16.767383
17.930816
78.531026
200.846202
82.200085
198.954989
78.590599
182.377937
89.684636
108.770236
170.714342
87.287500
15.867442
28.282994
83.961851
102.007401
14.340418
94.037837
89.330304
88.640827
76.734559
96.245238
95.506035
97.914275
13.289477
105.368944
10.930754
13.607279
9.448469
82.853138
11.974301
73.147523
104.789160
87.365380
182.353562
11.171541
118.077244
188.532155
105.889397
123.392117
28.894874
17.174699
280.002117
214.432525
103.909839
187.963025
184.498518
197.281728
383.463670
194.156204
310.663532
65.228928
389.507827
309.657662
202.879390
275.828473
296.436938
203.320302
203.241237
294.983026
193.888951
193.699413
200.556336
277.118880
275.055189
117.152912
116.597695
182.188867
114.923944
100.028303
185.523832
112.401947
189.151943
185.058540
189.447824
108.228953
95.960304
117.832653
199.266379
188.019595
191.937294
186.914332
119.019077
112.633130
116.338539
188.454945
189.036037
119.174273
175.734372
117.932522
112.264078
106.928160
198.016833
110.614640
186.204108
203.583214
181.582284
117.765600
199.805242
204.099960
207.311413
122.526730
179.172892
197.361305
181.345403
103.373628
202.680767
176.873719
103.402602
171.094038
187.831367
195.978883
199.949630
207.979927
197.265680
189.983853
199.743491
187.577719
199.760029
193.175247
180.526778
192.225274
200.531897
194.816921
206.225234
285.071831
287.274225
212.216491
209.020177
126.856895
182.583690
98.709565
99.760899
193.796470
104.523400
106.559314
195.470363
185.968808
181.766247
114.536794
195.028480
186.409247
196.247622
199.808752
290.155296
106.851279
291.299103
219.700366
194.000319
283.457864
204.796096
276.290986
197.884392
198.261549
196.966248
205.988412
120.525187
121.764095
106.693788
282.802540
109.676623
283.235584
198.069620
185.655046
103.002096
89.108562
374.746521
86.064441
301.688558
285.951005
10.320457
6.904950
9.371942
109.955296
109.868650
107.093602
12.183899
109.663903
84.568424
173.249785
117.372663
91.184167
9.359820
19.896405
18.757152
8.800066
8.010544
8.558432
11.185166
21.117904
22.440835
18.154842
74.125310
88.342432
90.910139
100.079689
167.675268
73.831645
171.077805
107.205593
14.150860
117.056468
106.619492
9.421795
105.495533
91.965130
9.039261
97.878766
104.594583
86.490855
86.249639
166.691514
107.060109
10.180097
85.016663
8.935726
106.629781
105.397704
109.827340
107.412041
108.156964
176.901066
101.522482
160.567543
67.418116
9.170920
80.603506
184.683006
114.404634
183.248094
171.064484
15.550581
91.258877
105.152802
34.812000
73.090507
98.590288
9.040949
81.936940
93.007276
105.978608
96.426375
86.086135
102.609555
196.031955
285.653108
196.982253
203.314930
272.878721
206.158683
208.235330
120.888405
203.044468
186.586282
266.913186
121.973828
297.116896
299.884753
382.579777
297.482322
287.337001
305.693074
200.775630
202.618747
108.903415
95.507292
97.131309
104.057882
95.443289
93.508572
121.425729
192.634348
192.211674
11.313977
193.582552
177.375252
96.282981
103.783442
102.922219
88.282385
189.682824
110.656265
189.431121
102.753839
199.857263
199.631283
200.651584
192.170048
201.198160
191.690845
200.531125
186.401455
215.043497
285.386757
196.348431
114.324548
114.469577
113.541472
196.175707
186.934051
193.411761
110.250110
184.603258
189.412252
185.174206
118.633376
112.273373
181.823830
107.510546
181.424782
178.636405
104.066947
172.310532
101.990472
104.570624
95.093322
182.677883
100.625178
184.056324
106.106386
109.383581
183.293623
189.590796
113.579808
200.547604
97.321648
188.549019
110.631521
186.653510
106.426656
108.600609
106.040044
107.394629
108.025317
189.100482
102.265776
191.919639
100.252919
110.003098
276.499054
112.314369
199.392422
195.956785
184.855074
87.816339
204.476159
94.384348
97.242981
93.253778
100.134877
197.134939
94.846511
192.115025
93.039159
94.161123
192.575035
117.679206
84.736323
189.059456
118.403765
95.861927
99.006918
17.494368
22.807012
99.283153
97.933782
12.964764
100.350320
11.132252
14.723873
109.999767
92.303670
15.500992
99.938351
207.599369
183.169396
104.770599
209.753751
106.057128
101.743498
195.793812
110.501189
185.845123
277.271879
290.711487
215.174428
293.623404
185.960857
287.174098
381.438423
203.925274
293.746425
291.296442
206.366668
280.128295
202.078809
197.618595
193.047818
290.794533
204.933659
278.305293
192.340861
288.882506
196.099201
113.195310
94.162791
184.757310
95.431560
101.448609
100.005036
202.138262
97.759165
201.392613
192.458304
113.780021
114.352967
189.902307
200.203560
210.799026
188.340368
120.875900
195.328472
190.627145
201.962839
9.266508
204.851291
190.948958
195.562241
122.084330
293.130815
112.812637
200.833939
281.365449
207.092824
277.173287
281.332032
203.863988
101.265123
115.243659
99.966843
191.044732
190.919817
196.132831
11.290820
202.530912
76.573044
14.560090
80.525470
115.188759
84.369458
115.452144
10.109709
16.928651
178.076369
8.088968
10.987622
88.200418
185.753708
182.425532
11.595513
116.521402
13.035921
120.751075
12.223107
188.217363
80.309364
192.123185
11.880235
89.336296
186.765131
184.411597
14.842600
185.351324
85.493172
190.249043
199.218098
97.284884
90.358753
121.063833
192.783814
93.643501
97.761260
204.126353
195.510882
104.005270
193.690822
103.451201
187.838906
17.499186
9.863123
196.415920
77.937155
98.637169
195.629596
97.888767
103.149496
188.773101
82.809948
82.879755
11.221191
86.027562
82.556661
85.105291
277.234666
86.936269
91.391508
93.576611
200.134449
194.689346
95.856429
102.509914
281.341440
98.144539
116.927638
115.619968
184.718496
198.719536
196.147803
186.986655
202.617498
114.330434
201.439557
119.276242
194.053792
201.844878
194.931276
193.066421
200.554563
183.294005
121.263491
205.406758
118.592579
198.428540
101.442197
96.692831
95.749661
277.060779
107.879046
117.627123
185.890734
187.710922
112.894840
96.509191
7.380931
90.946880
293.825710
108.916948
207.384103
117.284426
186.931754
192.928352
195.238604
117.173926
192.327965
198.657514
204.362234
122.076662
197.471794
110.448306
201.240142
203.765795
282.203216
288.500852
109.909210
287.183563
104.599394
99.705818
99.217721
107.488788
206.444964
90.683832
99.385848
212.754158
104.525250
198.422941
193.649952
95.335926
189.521217
96.933462
196.599442
196.274126
115.678033
85.049962
10.901817
199.340549
101.075465
102.631524
182.125263
89.855662
93.783213
278.277405
287.054336
94.505512
285.100296
292.419229
83.888892
83.042046
224.345724
305.113001
93.439686
18.224093
387.357240
305.659780
104.184121
106.647557
114.508635
282.015337
181.273083
123.349564
304.727498
106.558334
225.892011
98.823057
96.138302
98.020666
96.445185
223.507657
98.220396
96.160410
210.363569
195.400270
99.913880
122.610219
193.926652
83.189917
188.138875
7.110852
7.062680
89.055755
95.891334
83.477895
16.474306
171.377682
9.553103
184.798539
82.595425
181.331874
184.409524
83.426030
89.358481
196.410981
194.698629
182.637656
112.446005
92.617409
97.906065
105.137799
93.897453
195.199302
121.145616
109.439307
181.717258
114.273918
108.478201
96.264407
8.483108
84.873198
17.530543
191.061120
90.137945
20.282296
189.398249
9.168819
195.382044
93.065972
184.496867
97.096901
107.811202
88.333148
100.342500
97.747462
103.279105
104.593210
101.124119
14.593684
118.229055
187.763276
19.880561
103.609550
111.636535
170.323407
109.037943
100.643324
115.822507
102.256811
204.023181
189.268078
199.767910
186.298101
190.151800
185.262569
101.207192
104.634894
177.135651
183.785156
175.420898
90.380276
291.123735
216.694435
23.242701
89.287948
278.690103
94.869129
93.928933
277.022374
217.075496
97.091862
94.530881
94.276659
98.431434
219.685313
286.109164
102.398049
280.106600
216.544982
204.171594
201.101244
206.017176
201.039354
275.308273
199.712094
216.968673
292.998343
121.932973
184.393443
210.666286
120.029556
284.714275
98.984349
213.733632
105.200549
291.812632
117.915179
177.360045
110.791521
308.930291
113.471987
180.772945
94.566898
287.673761
209.229984
288.016571
176.166652
207.238131
178.509751
179.115947
210.734319
95.873671
296.288122
90.080653
78.265325
74.828069
191.697287
105.325499
73.218233
180.405492
91.151889
185.396384
18.596256
185.009428
98.761965
184.097983
116.754193
109.288165
122.387821
204.731341
279.694019
207.015815
22.592242
18.042981
104.194148
288.677385
105.055438
19.236916
216.221438
212.712074
16.519478
215.579272
221.403009
281.247895
121.817291
194.748846
200.255822
200.031221
190.999921
187.801305
124.166917
17.089607
118.564960
7.639529
110.327661
25.029614
31.450678
17.722921
22.240441
7.973370
16.815768
10.655265
6.252332
6.847868
12.465398
5.467036
8.196774
8.115535
25.982703
7.804627
8.568488
57.265430
72.029639
14.673717
70.096904
76.325316
73.656639
80.241614
81.396140
65.592689
90.390291
86.211351
82.888100
19.276484
67.768830
5.435152
8.601312
5.946640
5.260001
6.886821
7.505423
6.217096
14.601610
12.222279
5.680119
5.891556
7.055126
8.220074
7.099838
6.139695
10.118365
11.557130
11.492953
12.398672
7.259064
5.624720
9.607036
9.043374
5.853880
5.855350
6.870620
5.592352
5.645615
7.391854
5.231364
5.691574
6.886509
9.265421
9.885425
5.907212
12.419663
7.128115
13.965450
50.419379
8.090482
7.729001
47.030093
47.230169
5.450449
5.463666
9.333758
5.453689
5.855262
6.923219
5.329464
5.771216
11.848608
5.964291
8.653104
5.647429
7.549599
7.419308
13.186267
5.935128
7.515708
10.025375
6.079377
6.037612
5.442169
5.412063
15.984013
5.969978
5.381304
13.671113
5.469131
6.301639
7.319429
5.542159
12.786552
5.564664
12.172292
6.596072
10.188633
7.072973
11.851278
12.670935
8.568091
10.323363
34.398709
6.477684
20.915790
6.517371
5.631502
9.196006
6.029299
5.460076
9.132618
5.748878
7.289191
5.777554
6.992936
5.526631
6.828841
6.658766
6.109234
6.985459
9.321694
11.488228
46.864202
98.087005
189.986576
55.791059
170.830613
30.447019
32.417010
170.126194
100.806117
70.439704
115.227139
72.903290
54.241702
50.219630
45.354066
14.336449
51.280122
46.756385
11.603262
8.027824
6.886170
7.446606
6.717529
11.474840
15.502914
17.276155
8.296366
15.330987
63.468114
69.540073
9.888254
13.210425
69.766807
76.028912
75.762101
81.547581
91.746571
93.543424
89.903255
89.813745
53.706189
7.133146
5.766596
6.078926
8.394034
12.030673
6.535168
6.025873
7.480764
5.711048
6.869402
7.598521
7.049782
5.559490
6.203460
9.792130
5.801939
6.143362
9.363678
12.420530
7.763696
6.538422
5.676572
6.461647
5.444718
7.771806
5.661335
7.143961
5.811670
5.626956
6.158604
8.251876
5.948560
5.486520
7.428609
8.455562
6.095132
5.732072
9.171892
10.124981
6.062039
6.959897
5.308409
7.576871
10.441215
11.355999
6.289539
6.828832
5.612575
5.619876
6.302530
12.329509
6.438449
8.242867
5.771941
7.646272
5.646153
5.795963
7.749203
6.547061
6.285468
7.633072
5.338944
5.665691
8.582620
9.884191
5.812036
7.758399
5.576644
9.534248
6.697354
6.498143
5.718245
5.644213
6.848212
5.826037
5.393811
6.155764
6.421113
7.961121
5.646158
6.433671
5.434554
5.639891
8.892601
15.384284
5.441079
7.991027
5.320856
6.268118
5.936535
6.140174
5.732977
5.550114
7.381063
8.140216
5.335692
6.058930
6.227650
9.368829
5.651992
6.686537
6.047262
5.941368
6.821085
6.851922
5.793335
7.030734
7.076857
5.714202
7.117483
6.922215
6.669147
5.803523
6.870165
7.071107
5.677960
6.347639
6.880328
9.369304
12.047564
21.245213
6.023090
5.812768
9.429088
9.338362
5.758697
7.326387
5.558356
5.866455
6.977119
6.989160
5.662762
5.745497
6.958077
11.526661
7.368125
6.761545
10.813776
10.030031
29.247053
6.936048
6.015060
5.876263
5.726212
6.476899
6.355044
12.568207
5.857101
5.731640
6.821893
15.384699
5.818783
19.796708
41.663926
27.744602
45.940602
48.263589
40.525336
88.991726
113.721754
165.114061
33.112589
31.145876
18.302857
68.261960
21.157935
126.749830
144.492101
136.666192
114.045893
220.418074
132.436056
135.010312
112.982031
179.874542
197.226695
194.688441
179.178656
197.791475
99.418728
101.584977
115.306267
183.044825
190.629028
194.441237
189.434821
199.173318
191.228727
113.594122
184.405561
109.650694
117.358439
186.518693
182.847842
106.413045
107.931926
107.926897
177.183617
106.565524
105.926009
94.275216
116.173062
102.422975
108.901525
110.004372
89.460373
28.607257
93.052444
113.962587
192.741495
172.897600
199.682108
113.700862
123.559844
191.335989
104.936030
105.681446
104.468176
104.577114
177.043251
180.916152
184.029338
104.624510
107.995534
101.229733
108.051550
169.633571
101.720401
182.741881
104.650859
116.258911
193.174775
185.469213
188.685110
120.679599
188.935232
190.312594
188.796040
197.570632
100.897173
204.650016
178.360205
218.544561
286.895177
188.558045
286.881002
121.950308
187.901325
118.515472
103.933596
99.723449
109.964694
89.935808
87.758499
102.455433
19.416932
12.630486
10.389640
108.943745
95.147070
101.026500
12.585360
76.687418
99.160683
6.772243
80.223616
109.317411
86.357531
85.114628
12.253079
84.713331
102.663523
96.773417
75.098239
98.343616
86.740929
108.503378
88.655718
100.061579
103.899568
112.178049
183.654787
121.590049
124.014485
208.715588
187.317437
200.082364
120.931511
210.992483
276.326991
207.909009
280.086929
199.425134
207.386852
206.034517
110.579314
281.170239
279.700556
187.706261
117.011070
101.150602
185.598641
175.957899
169.884843
87.567378
17.239760
98.470921
85.572054
83.766011
6.884722
12.379932
6.852094
6.039387
15.312734
12.077963
76.800467
6.317677
7.651579
6.683479
72.738146
8.211758
9.368510
7.075055
7.673716
25.657279
77.827175
107.019249
113.859462
93.281162
78.141114
110.594205
94.665012
100.825744
170.326307
97.706948
287.381278
90.610935
214.772299
291.854395
94.695459
97.596719
110.360584
301.659606
104.896689
209.294299
268.516977
95.376048
98.065937
84.787744
113.900067
119.841263
81.150119
194.678167
110.303733
7.424521
119.558443
113.756773
7.874853
184.876731
104.369138
114.216847
104.784910
105.489062
108.113831
177.814754
110.792465
123.023878
9.091236
75.134121
194.858126
187.829259
6.851565
98.502405
8.330759
75.486924
108.030862
72.546706
7.390784
102.154819
76.815436
99.770136
72.877814
11.456635
194.256630
9.682793
198.894522
198.103384
15.709329
268.450955
99.012654
110.792519
95.145922
100.136700
92.434763
23.247663
90.433520
88.826529
305.846949
100.850771
97.006387
311.632845
299.010819
376.568200
81.146841
295.491934
297.666091
245.729021
89.815875
291.564009
218.604406
97.021134
282.953144
86.839033
171.539780
281.122825
108.887513
203.821823
103.460164
287.244449
210.303479
210.276685
107.142687
20.801778
216.460287
67.350742
92.219082
18.194691
91.011065
290.429847
283.798092
290.003760
288.232989
39.419541
93.267047
203.402790
200.368671
95.109330
94.527723
88.099001
205.597809
284.071926
208.705572
193.620563
190.848587
181.903280
120.902951
14.712972
171.123148
113.098903
118.562704
7.562743
111.017717
109.612603
8.838870
169.150482
86.030138
88.477845
14.779927
88.518912
90.229026
7.750269
181.176423
184.038899
78.907578
193.687028
200.905221
198.467459
199.495104
199.726545
94.047566
198.044587
198.221272
203.351363
280.416290
210.761456
183.714288
211.118419
215.247297
199.277711
204.005615
204.410218
106.094862
14.941936
20.870527
211.974480
75.337551
12.131790
129.611149
69.364688
107.850794
14.382314
111.952366
105.744746
30.373096
79.417437
19.203462
19.298647
21.113224
8.493596
21.739214
14.798575
18.416014
23.263697
27.562218
18.381637
8.399004
76.069838
84.855133
115.651949
118.539555
76.950639
178.895451
76.759214
181.964139
69.422299
9.207175
202.076224
277.643555
280.745724
275.204872
184.460498
167.032161
354.772057
95.070083
356.512844
96.086479
281.208298
216.641368
88.879957
92.040126
94.187097
91.185045
206.701825
94.174287
206.300141
97.416268
197.292465
89.620261
93.224918
88.989799
184.648478
20.742359
11.617773
16.768002
87.007975
13.474651
80.788840
10.408943
196.229211
201.237220
276.137899
88.348296
88.291216
293.962017
99.798665
213.360749
179.169199
115.468983
98.051126
201.224846
11.685167
91.828615
13.670060
112.419719
181.205229
175.202856
106.718755
108.399789
113.777077
173.642216
99.640947
28.341324
104.342080
13.176101
97.689079
73.782954
93.566592
93.240028
21.512059
22.570543
87.970739
19.311422
19.341335
75.664558
7.650955
5.567607
18.569302
18.168487
69.399082
6.397974
13.357626
64.852756
21.560382
15.868790
7.136403
6.376862
6.070562
7.085460
14.060191
61.035034
5.599754
7.773096
86.031558
94.223216
195.784923
82.808661
196.519306
187.495499
21.413575
200.888133
199.680683
76.613319
198.669740
103.541888
176.163227
13.891506
114.203023
8.091382
191.665958
173.137234
127.139706
180.230008
77.058404
18.764491
9.208849
13.940406
10.119234
13.891487
13.972926
5.662857
9.601250
12.410692
17.929237
12.462033
19.740084
23.905312
75.070238
16.134846
11.088009
9.013441
12.131906
9.483778
7.937375
16.316970
7.147261
12.260025
7.035226
10.060883
7.931613
6.079387
7.291777
14.655832
11.410681
6.420738
7.621529
8.649028
5.982987
11.658160
11.116230
12.399324
15.398967
6.998257
5.948364
11.039164
5.731604
44.568021
5.690239
11.183516
10.745299
5.575037
7.960922
9.068851
7.345231
15.667170
13.846648
40.024025
7.798388
6.289672
8.671573
7.135544
7.047790
5.999375
5.758066
5.864802
5.561238
5.738177
7.976738
12.263674
34.467449
5.792320
6.718367
17.049569
37.969406
5.557648
8.158808
5.554310
6.655177
56.255957
63.457504
66.632744
69.356274
58.733523
85.256102
141.044657
103.081213
11.575533
119.429302
167.988938
148.062153
99.216449
92.665576
127.918151
106.559458
83.815050
129.158511
103.506657
88.406907
92.756849
25.278118
24.139401
68.793765
8.908762
10.667968
5.693764
6.876333
13.728357
15.323951
12.459409
17.357574
18.674897
63.545097
5.763829
5.728275
56.042061
13.515235
23.782913
30.108142
23.735506
72.758597
71.040385
22.036340
81.047295
6.483635
5.471597
6.790185
9.977020
16.650915
6.001042
7.276846
7.131992
5.972073
17.053940
14.918603
8.308317
10.170135
12.167905
8.552895
5.435082
6.137144
6.044883
6.669589
5.573159